12	0.57	-1.96	2.46	3	2	35.76	94.45	0.29	13	0.17	2.993159	# LS tree differs in height | LS tree intersects ground |
10	-4.87	3.79	2.83	3	2	32.55	99.07	0.91	14	1.16	1.829915	# LS tree intersects ground |
5	3.01	4.94	4.04	3	2	28.71	127.93	0.69	11	1.67	0.976221	# 
6	-2.19	-0.72	3.49	2	2	38.36	193.34	0.63	15	1.88	1.964530	# LS tree intersects ground |
13	-3.34	4.45	6.00	2	3	29.16	199.00	0.24	19	0.18	1.986165	# LS tree differs in height | 
7	3.51	1.78	4.22	3	2	37.23	191.78	0.12	10	1.46	1.968007	# LS tree intersects ground |
11	-0.57	-4.53	4.82	3	2	28.58	140.35	0.66	17	0.45	0.967142	# 
8	1.39	2.12	4.06	2	3	25.51	86.61	0.38	16	0.82	1.940337	# LS tree intersects ground |
6	3.71	-3.04	4.16	3	2	37.61	74.33	0.67	17	0.21	1.996109	# LS tree differs in height | 
8	-4.38	-3.47	4.51	3	2	39.56	97.98	0.30	19	1.81	2.845299	# LS tree differs in height | LS tree intersects ground |
7	-1.74	0.30	3.61	3	2	30.03	152.34	0.51	14	0.17	1.996974	# LS tree differs in height | 
14	1.47	2.28	5.60	2	2	21.65	165.85	0.99	14	0.69	0.841026	# 
13	2.53	4.01	5.69	3	2	37.69	76.10	0.38	19	0.42	1.970182	# LS tree intersects ground |
7	4.38	-0.15	5.17	2	3	22.79	197.76	0.89	11	0.16	1.998271	# LS tree differs in height | 
17	-1.19	-2.79	3.87	3	3	27.65	101.99	0.23	11	0.19	1.987895	# LS tree differs in height | 
6	-1.76	-0.48	3.62	3	2	38.11	91.93	0.59	17	0.85	1.985300	# LS tree intersects ground |
6	-1.91	4.95	2.12	3	3	32.90	139.21	0.97	13	0.28	1.994812	# LS tree differs in height | 
15	-0.85	1.31	3.79	2	2	35.52	85.95	0.41	14	0.53	1.955556	# LS tree intersects ground |
9	-0.12	2.66	4.43	3	2	37.75	61.72	0.61	19	0.35	2.994812	# LS tree differs in height | LS tree intersects ground |
5	4.54	0.71	3.63	2	3	23.56	143.52	0.70	11	1.36	0.981842	# 
5	-4.20	0.47	4.63	2	2	25.11	143.82	0.59	10	0.60	1.996974	# LS tree differs in height | 
5	-3.08	-1.04	5.64	2	3	33.61	130.97	0.35	11	0.27	1.998271	# LS tree differs in height | 
5	-0.03	-0.98	2.33	2	3	36.59	149.16	0.57	19	0.41	2.991449	# LS tree differs in height | LS tree intersects ground |
17	4.16	0.12	4.18	2	3	23.67	194.82	0.49	12	0.80	0.993159	# 
7	3.89	2.79	2.08	2	2	37.93	106.68	0.17	16	1.25	1.963660	# LS tree intersects ground |
7	0.91	3.24	5.13	2	3	28.23	81.19	0.23	15	1.61	1.833690	# LS tree intersects ground |
12	-4.44	0.76	3.10	3	3	33.22	97.21	0.68	15	0.48	0.995677	# 
11	-0.91	1.64	3.41	3	3	37.84	199.90	0.25	11	0.79	0.995677	# 
6	4.35	-2.29	3.58	3	3	33.52	96.42	0.44	15	0.16	1.996974	# LS tree differs in height | 
9	-3.44	0.24	4.45	2	2	24.62	124.80	0.56	19	1.17	1.788889	# LS tree differs in height | 
6	0.60	-0.19	3.04	2	3	25.67	153.89	0.19	13	1.44	0.966278	# 
9	-2.23	2.08	4.25	2	2	32.43	71.06	0.19	13	0.78	0.995244	# 
5	-4.58	-0.53	5.52	2	3	30.63	198.06	0.35	14	1.89	0.950834	# 
11	-4.79	-2.38	5.53	2	2	32.39	119.76	0.66	12	0.37	1.988759	# LS tree differs in height | 
6	-4.68	-2.36	5.42	3	3	24.45	75.51	0.50	18	1.47	0.880291	# 
8	-3.63	-3.46	5.35	2	2	31.14	182.85	0.42	11	1.31	0.993947	# 
11	-4.67	-2.32	3.62	3	2	36.95	88.10	0.75	12	0.49	1.983754	# LS tree intersects ground |
7	-0.01	2.02	3.87	3	2	33.33	177.10	0.56	14	0.38	1.993515	# LS tree differs in height | 
7	-2.33	1.89	3.84	2	2	22.67	124.21	0.70	19	0.32	1.993515	# LS tree differs in height | 
5	-2.28	-3.70	4.68	2	3	39.52	179.19	0.30	19	1.80	0.973504	# 
9	-0.31	-2.50	5.48	3	3	29.26	135.36	0.58	14	0.28	1.990921	# LS tree differs in height | 
10	3.73	-4.66	4.20	3	3	20.42	135.09	0.88	10	0.98	0.994380	# 
5	-3.04	-0.26	2.15	2	3	29.07	103.13	0.60	13	0.70	1.990921	# LS tree differs in height | 
8	4.75	0.63	5.96	2	2	33.40	174.26	0.95	13	0.78	0.986165	# 
13	-1.27	3.44	5.94	2	2	38.83	122.73	0.67	14	0.49	1.953399	# LS tree intersects ground |
5	2.16	1.28	2.13	2	3	39.30	80.14	0.42	12	0.68	2.992304	# LS tree differs in height | LS tree intersects ground |
7	-4.74	-1.37	2.48	2	2	20.07	135.55	0.58	17	1.57	0.941026	# 
7	-1.56	-2.78	2.51	2	3	20.20	144.53	0.53	11	0.53	1.991786	# LS tree differs in height | 
7	-2.31	2.89	4.61	2	3	30.65	188.70	0.25	10	1.99	0.866239	# 
6	-2.50	2.55	5.92	3	2	23.79	88.14	0.30	18	1.21	0.956392	# 
5	-2.12	-3.57	2.43	2	2	25.45	118.81	0.64	11	1.08	1.989192	# LS tree differs in height | 
9	-3.50	-1.53	3.43	2	3	34.11	111.45	0.54	14	0.14	1.996109	# LS tree differs in height | 
8	-2.19	-4.55	4.69	2	2	30.85	134.21	0.14	14	1.29	0.926923	# 
13	3.73	-0.58	5.14	3	2	34.63	138.67	0.81	12	0.42	0.996109	# 
12	3.36	-4.25	3.25	2	2	38.18	94.95	0.12	10	1.88	2.633333	# LS tree differs in height | LS tree intersects ground |
8	0.84	-1.81	5.04	2	3	22.94	183.35	0.50	10	0.67	1.984003	# LS tree differs in height | 
6	4.72	2.96	5.36	3	2	21.18	102.45	0.10	18	0.32	1.991353	# LS tree differs in height | 
11	-0.13	-3.81	2.72	2	2	24.13	129.45	0.39	12	0.66	0.946390	# 
6	3.16	-2.25	3.08	3	2	39.78	155.85	0.12	16	0.98	0.980545	# 
6	1.49	-1.65	3.80	3	3	31.88	143.07	0.88	15	1.18	1.960667	# LS tree intersects ground |
13	3.37	-0.83	3.20	2	2	22.87	118.14	0.68	16	0.31	0.975357	# 
13	-4.39	3.91	5.16	3	2	27.29	180.57	0.13	14	0.65	1.915812	# LS tree intersects ground |
7	3.54	0.01	4.08	3	2	20.81	171.20	0.76	11	0.15	1.998703	# LS tree differs in height | 
8	-1.09	3.59	5.61	2	2	35.35	82.97	0.46	19	1.34	2.925641	# LS tree differs in height | LS tree intersects ground |
13	2.83	-4.57	5.78	3	2	22.74	65.14	0.73	10	0.71	1.984436	# LS tree intersects ground |
10	4.03	-1.11	4.94	2	2	27.09	108.84	0.69	10	0.44	1.992218	# LS tree differs in height | 
6	4.49	-3.04	2.74	3	2	22.46	111.84	0.29	17	1.78	0.922650	# 
5	3.51	4.63	3.99	3	2	31.53	80.70	0.68	15	1.02	0.992650	# 
19	3.83	-1.84	4.88	2	3	36.56	108.52	0.22	10	1.18	1.992732	# LS tree differs in height | 
9	-0.58	-0.08	3.43	3	3	28.56	84.67	0.43	17	0.36	1.985300	# LS tree differs in height | 
8	-0.43	0.53	2.39	3	2	39.85	142.76	0.75	13	0.93	1.968007	# LS tree intersects ground |
6	-1.59	-4.02	4.03	3	2	34.81	169.79	0.47	14	1.46	0.973195	# 
10	-3.35	1.19	4.90	2	2	23.32	60.70	0.43	11	1.90	2.983333	# LS tree differs in height | LS tree intersects ground |
5	-0.34	2.59	4.61	3	3	31.45	190.98	0.68	10	0.21	1.998703	# LS tree differs in height | 
9	3.10	2.38	2.75	3	2	39.99	189.92	0.97	16	1.67	2.870513	# LS tree differs in height | LS tree intersects ground |
10	1.24	3.44	3.40	2	2	22.92	110.87	0.85	10	0.25	1.995244	# LS tree differs in height | 
5	1.93	4.52	4.02	3	2	33.05	63.77	0.61	19	0.62	1.995244	# LS tree differs in height | 
6	-1.41	1.25	4.73	2	2	28.88	125.66	0.82	13	0.19	1.997838	# LS tree differs in height | 
8	-4.06	-1.66	4.23	3	2	38.39	102.77	0.68	12	0.77	1.986319	# LS tree intersects ground |
15	0.89	0.36	3.76	3	3	30.61	164.63	0.84	12	0.19	1.990056	# LS tree differs in height | 
8	0.78	4.53	4.76	3	3	36.85	156.31	0.23	10	1.15	0.995677	# 
10	-3.84	-3.07	5.39	3	2	26.62	94.22	0.41	19	0.19	1.993083	# LS tree differs in height | 
6	-2.21	2.48	5.05	3	3	22.82	83.98	0.51	17	0.34	1.993947	# LS tree differs in height | 
11	3.21	-0.57	5.71	3	3	20.99	129.93	0.21	16	0.71	0.862762	# 
9	0.55	-2.18	4.30	2	3	39.77	76.73	0.44	14	0.57	1.982044	# LS tree intersects ground |
5	2.62	2.23	4.88	2	2	37.58	131.70	0.32	11	0.78	1.995677	# LS tree differs in height | 
13	3.30	4.07	5.83	2	2	25.15	178.47	0.14	19	0.50	0.916204	# 
6	3.09	0.61	4.81	3	3	38.80	190.88	0.58	16	1.97	2.861966	# LS tree differs in height | LS tree intersects ground |
12	-3.89	4.22	4.50	2	2	37.64	60.98	0.56	13	0.18	1.995677	# LS tree differs in height | 
11	0.00	1.62	3.71	2	2	26.17	62.73	0.79	15	0.61	0.995677	# 
7	-2.85	-1.89	4.02	2	2	20.27	92.07	0.13	14	1.90	0.895254	# 
7	4.19	4.60	5.35	3	2	29.25	153.40	0.16	17	0.30	1.992218	# LS tree differs in height | 
9	1.08	3.61	5.43	2	3	39.48	151.82	0.43	13	0.53	1.985036	# LS tree intersects ground |
8	-0.19	-0.96	4.56	3	2	25.15	182.96	0.54	10	1.34	0.927799	# 
9	2.92	2.29	4.56	2	2	27.02	146.07	0.36	15	0.82	0.928664	# 
13	4.89	-1.20	5.77	2	3	21.81	101.14	0.32	10	1.36	0.992732	# 
6	4.92	-2.39	3.13	3	2	20.39	156.79	0.33	14	1.07	0.976221	# 
8	4.36	-1.32	3.41	3	3	34.86	199.17	0.86	14	1.87	2.652137	# LS tree differs in height | LS tree intersects ground |
7	-0.07	-3.06	3.63	3	3	21.87	166.90	0.29	18	1.08	0.893117	# 
9	3.22	3.82	2.58	3	2	39.64	175.44	0.42	12	1.72	2.887179	# LS tree differs in height | LS tree intersects ground |
5	-1.31	2.74	3.53	2	2	23.08	176.21	0.29	16	0.89	0.985300	# 
8	-1.54	2.81	4.18	2	3	34.91	171.32	0.78	12	1.62	1.863675	# LS tree intersects ground |
7	2.10	-1.33	2.87	2	2	35.97	196.79	0.40	13	1.17	1.973932	# LS tree intersects ground |
5	2.28	2.31	2.67	2	2	23.17	109.66	0.27	15	0.20	1.997406	# LS tree differs in height | 
10	1.97	1.23	4.64	2	3	27.81	140.66	0.40	11	0.76	1.972638	# LS tree intersects ground |
6	-2.93	-4.48	3.13	3	3	23.52	143.36	0.62	11	0.19	1.998271	# LS tree differs in height | 
17	3.43	-0.76	2.50	3	2	38.78	188.38	0.93	16	0.11	2.989312	# LS tree differs in height | LS tree intersects ground |
10	3.52	-3.10	2.70	2	2	32.97	181.86	0.27	17	0.21	1.990921	# LS tree differs in height | 
6	-2.03	0.21	5.21	3	3	22.88	115.29	0.69	17	0.37	1.990056	# LS tree differs in height | 
6	4.14	-4.72	5.33	3	2	23.39	169.19	0.67	11	1.73	0.955901	# 
16	-2.09	0.17	4.42	3	3	26.20	186.58	0.34	10	0.17	1.996974	# LS tree differs in height | 
10	-1.68	-0.94	5.76	3	2	39.60	154.45	0.97	17	0.99	1.807265	# LS tree intersects ground |
10	-3.11	-3.24	5.09	3	3	24.92	132.15	0.11	15	0.72	0.936879	# 
7	-2.44	4.66	2.19	3	2	35.48	194.75	1.00	14	1.23	1.961111	# LS tree intersects ground |
5	-4.03	0.27	3.84	2	2	25.25	150.56	0.53	13	0.43	1.996974	# LS tree differs in height | 
16	-1.53	1.04	2.95	2	2	35.69	182.33	0.90	10	0.29	2.988327	# LS tree differs in height | LS tree intersects ground |
6	3.60	-4.05	4.40	3	2	31.18	191.12	0.77	18	1.26	0.950427	# 
8	-3.58	1.76	2.03	2	2	24.76	138.02	0.61	11	1.61	0.942283	# 
6	0.46	-1.86	4.26	3	2	34.96	110.26	0.55	13	1.01	1.978196	# LS tree intersects ground |
10	1.54	-4.43	3.46	3	2	35.33	175.09	0.18	13	1.54	2.742735	# LS tree differs in height | LS tree intersects ground |
7	4.75	-3.86	4.97	2	3	34.99	72.14	0.58	15	0.56	1.990921	# LS tree differs in height | 
10	1.62	-4.97	4.31	3	2	31.55	74.66	0.23	18	1.25	2.827350	# LS tree differs in height | LS tree intersects ground |
19	-2.30	-2.82	5.62	3	2	26.71	80.47	0.39	10	0.57	1.928664	# LS tree intersects ground |
5	4.31	-0.15	2.66	2	2	38.74	179.38	0.63	11	0.73	1.993515	# LS tree differs in height | 
7	0.27	3.02	3.91	2	2	38.06	157.04	0.14	13	0.42	1.993515	# LS tree differs in height | 
8	2.06	-1.41	5.00	3	3	33.58	94.05	0.86	14	1.22	1.805128	# LS tree intersects ground |
7	-3.60	2.98	2.42	2	2	28.31	127.30	0.48	16	0.74	0.981842	# 
12	-4.41	-4.06	5.72	3	2	30.90	189.00	0.57	15	0.44	0.968439	# 
9	4.90	3.41	5.04	2	2	30.16	195.50	0.50	18	0.29	1.991786	# LS tree differs in height | 
11	-4.13	1.95	2.82	2	2	30.86	176.42	0.61	17	1.52	2.643590	# LS tree differs in height | LS tree intersects ground |
8	-2.00	-2.32	2.89	2	3	27.86	85.55	0.59	14	0.75	1.967142	# LS tree intersects ground |
14	-3.64	3.24	4.53	2	2	23.61	154.60	0.30	18	0.12	1.993515	# LS tree differs in height | 
6	-3.49	2.70	2.07	3	2	32.53	158.71	0.21	19	1.11	0.965797	# 
11	-3.68	-1.16	4.54	2	2	25.90	160.26	0.28	19	1.37	2.412393	# LS tree differs in height | LS tree intersects ground |
6	-2.69	-3.75	3.19	3	3	35.94	71.80	0.95	11	0.79	1.996974	# LS tree differs in height | 
10	4.25	0.57	5.80	2	2	31.85	64.76	0.24	11	1.15	1.991453	# LS tree intersects ground |
9	3.33	-3.22	5.07	3	3	22.44	88.85	0.63	10	0.31	1.994812	# LS tree differs in height | 
10	-2.13	-0.45	5.74	3	2	39.82	107.59	0.34	14	0.32	1.990921	# LS tree differs in height | 
13	-2.92	3.80	4.06	3	3	30.41	112.14	0.84	11	0.88	0.994015	# 
8	2.90	-4.99	5.78	3	2	22.81	185.31	0.23	15	1.50	1.811538	# LS tree differs in height | 
15	3.28	-4.32	4.75	2	2	37.82	195.40	0.14	14	0.29	1.982471	# LS tree intersects ground |
7	-2.39	4.12	5.80	3	2	39.27	162.66	0.80	19	1.79	2.908974	# LS tree differs in height | LS tree intersects ground |
14	-2.26	0.32	2.06	2	2	30.81	76.58	0.27	16	0.11	2.994015	# LS tree differs in height | LS tree intersects ground |
8	4.56	0.39	3.55	2	2	30.19	193.08	0.34	14	1.45	1.923077	# LS tree intersects ground |
9	-4.33	3.09	5.49	2	2	38.42	182.08	0.61	11	1.95	2.864103	# LS tree differs in height | LS tree intersects ground |
11	4.66	4.71	5.51	2	2	32.07	127.07	0.22	12	0.72	0.965413	# 
9	-0.62	4.03	4.98	2	2	34.53	141.15	0.88	15	0.68	0.979680	# 
11	-1.26	-2.85	2.58	3	2	24.53	166.61	0.78	10	1.16	1.814957	# LS tree intersects ground |
12	1.63	-4.04	5.17	3	2	30.94	93.15	0.79	10	0.24	1.994812	# LS tree differs in height | 
15	4.20	-2.65	2.60	3	2	24.48	85.22	0.36	11	0.59	0.994380	# 
9	2.39	1.49	2.09	3	2	37.87	167.84	0.28	11	0.26	1.992650	# LS tree differs in height | 
16	1.35	-2.72	5.18	3	3	35.87	174.12	0.73	15	0.79	1.994442	# LS tree differs in height | 
6	3.99	-1.88	4.04	3	2	24.38	98.20	0.32	17	1.45	0.940573	# 
13	4.34	-3.92	3.34	2	2	38.82	99.55	0.26	13	0.56	1.973195	# LS tree intersects ground |
8	2.59	0.25	3.09	3	2	35.27	173.04	0.79	17	1.30	1.915812	# LS tree intersects ground |
11	4.51	2.63	4.84	2	2	37.52	176.64	0.40	12	0.48	1.980112	# LS tree intersects ground |
6	-0.48	0.38	3.14	3	3	25.48	133.87	0.90	16	1.30	0.945703	# 
9	2.48	-2.70	3.31	3	2	28.09	161.46	0.80	12	1.50	1.834188	# LS tree intersects ground |
6	3.76	2.82	4.97	3	2	27.75	119.33	0.16	13	1.24	0.966278	# 
5	4.85	-1.24	2.13	2	2	22.27	185.06	0.24	12	0.95	1.987030	# LS tree differs in height | 
5	-3.54	3.51	2.71	2	3	35.29	124.11	0.97	17	0.47	1.992218	# LS tree differs in height | 
16	0.30	-3.50	5.38	2	2	27.72	161.24	0.35	10	1.26	1.994442	# LS tree differs in height | 
5	-1.81	0.42	4.91	2	3	38.68	121.97	0.66	11	0.45	1.997406	# LS tree differs in height | 
8	0.76	1.56	2.94	2	2	25.86	76.98	0.88	19	1.53	2.942308	# LS tree differs in height | LS tree intersects ground |
13	3.27	0.68	4.50	2	2	24.83	191.31	0.26	18	0.43	0.945958	# 
7	4.81	1.42	3.47	3	2	20.49	162.42	0.29	18	1.90	1.850427	# LS tree differs in height | 
7	-3.96	2.33	3.17	3	3	35.34	81.54	0.58	12	1.73	1.905088	# LS tree intersects ground |
12	1.59	4.02	5.60	3	2	35.88	104.03	0.41	11	0.55	1.964087	# LS tree intersects ground |
7	-3.58	-0.98	2.59	3	2	35.99	140.92	0.51	13	1.39	1.964957	# LS tree intersects ground |
8	-2.41	-1.98	2.53	3	3	37.32	110.60	0.86	15	1.31	1.869231	# LS tree intersects ground |
5	2.56	-4.37	2.30	3	2	28.90	81.68	0.48	11	0.75	1.995677	# LS tree differs in height | 
7	-1.41	-4.32	2.74	2	3	25.43	151.37	0.34	14	1.75	1.877350	# LS tree intersects ground |
5	4.98	1.23	3.03	2	3	30.28	148.43	0.47	18	1.11	1.978623	# LS tree intersects ground |
10	-3.97	-3.42	4.75	3	3	39.51	99.64	0.78	14	0.75	1.956766	# LS tree intersects ground |
7	-3.32	1.61	5.63	3	2	31.70	118.62	0.72	17	0.53	0.987030	# 
9	-4.53	3.28	2.95	3	2	35.39	76.20	0.64	14	1.60	2.928632	# LS tree differs in height | LS tree intersects ground |
5	-1.49	-0.41	4.90	2	3	38.85	90.02	0.38	10	1.55	1.983326	# LS tree intersects ground |
7	-4.18	-0.17	4.29	2	3	35.11	75.77	0.75	15	1.27	1.918803	# LS tree intersects ground |
10	0.96	1.10	4.93	2	3	22.75	112.63	0.85	16	0.49	0.964548	# 
7	-1.29	4.93	5.82	2	2	37.95	60.21	0.64	17	0.43	1.995244	# LS tree differs in height | 
11	-0.84	3.00	3.37	3	2	24.52	115.06	0.76	17	0.26	1.984868	# LS tree differs in height | 
7	0.56	4.12	2.41	3	3	21.57	185.93	0.93	17	1.58	1.814957	# LS tree differs in height | 
16	2.03	1.33	5.85	3	3	35.80	65.65	0.12	18	0.10	1.994812	# LS tree differs in height | 
5	-1.91	-2.61	2.60	2	2	34.42	128.22	0.49	12	0.20	1.998271	# LS tree differs in height | 
12	-2.11	3.70	4.07	3	3	24.51	109.18	0.15	14	0.68	0.994380	# 
5	0.89	-0.88	2.92	3	2	30.71	165.24	0.28	11	1.07	1.990056	# LS tree differs in height | 
18	1.91	0.65	4.38	2	2	24.45	60.11	0.26	16	0.14	1.993947	# LS tree differs in height | 
6	2.04	4.31	3.54	3	2	27.11	80.99	0.35	10	0.47	1.996109	# LS tree differs in height | 
11	-3.76	0.02	2.35	2	2	22.10	65.02	0.52	16	1.77	2.867094	# LS tree differs in height | LS tree intersects ground |
5	2.70	2.85	3.30	2	2	39.75	188.48	0.76	12	1.04	0.991786	# 
10	2.52	-1.26	2.33	3	2	32.25	122.80	0.25	10	1.54	1.820940	# LS tree intersects ground |
8	-2.60	4.92	5.02	2	3	32.82	106.09	0.71	17	0.40	1.986597	# LS tree differs in height | 
5	-2.62	3.97	2.97	3	3	34.37	158.13	0.28	16	1.80	0.970513	# 
8	3.64	2.90	5.40	3	2	33.59	115.92	0.40	16	0.71	0.971466	# 
13	-2.02	0.74	3.85	3	2	36.40	171.48	0.74	18	0.12	1.993083	# LS tree differs in height | 
7	-3.91	-1.29	3.50	2	3	34.47	128.56	0.47	13	0.46	1.992650	# LS tree differs in height | 
8	-1.20	-4.80	3.75	3	3	39.04	120.56	0.74	12	0.56	2.986319	# LS tree differs in height | LS tree intersects ground |
13	2.61	3.07	3.81	2	2	27.51	167.13	0.91	12	0.11	1.996541	# LS tree differs in height | 
14	-3.51	-2.33	4.33	3	2	34.85	103.62	0.19	17	0.34	1.965797	# LS tree intersects ground |
15	0.65	-1.46	5.34	2	2	23.29	185.48	0.51	10	1.12	1.748718	# LS tree intersects ground |
7	-0.57	-2.19	4.99	2	2	35.78	160.01	0.85	15	0.12	1.997838	# LS tree differs in height | 
5	0.30	0.07	4.98	2	3	23.12	87.98	0.93	15	0.97	0.983571	# 
5	2.90	0.48	4.55	3	2	29.18	175.32	0.97	13	1.76	0.978383	# 
10	3.86	0.18	2.50	2	2	34.21	67.27	0.26	11	1.55	1.966239	# LS tree intersects ground |
5	1.05	-3.78	2.10	2	2	31.28	157.80	0.83	13	1.22	0.988759	# 
7	-0.30	-2.73	2.80	3	3	31.26	121.47	0.65	13	0.24	1.992650	# LS tree differs in height | 
5	-4.62	-1.70	3.56	3	3	32.87	105.41	0.56	17	0.70	1.984868	# LS tree differs in height | 
6	4.22	-2.76	2.37	2	3	24.18	144.15	0.74	10	1.66	0.971466	# 
5	-2.67	-2.08	5.01	2	2	37.49	106.89	0.32	19	0.42	1.996109	# LS tree differs in height | 
13	-2.53	1.44	5.62	2	3	33.06	199.38	0.64	19	0.28	0.972763	# 
7	-3.93	4.73	4.97	2	2	21.41	197.65	0.39	16	0.86	0.964116	# 
8	3.20	-2.45	3.68	2	2	21.31	174.99	0.11	16	1.97	1.818376	# LS tree differs in height | 
5	-2.14	-1.19	5.65	3	3	38.96	194.53	0.54	19	0.54	1.993083	# LS tree differs in height | 
10	-0.53	1.90	5.81	2	3	37.43	74.02	0.95	11	0.38	1.990921	# LS tree differs in height | 
6	-3.37	-3.88	5.50	3	2	28.54	71.19	0.18	12	1.41	0.988327	# 
8	3.35	0.90	3.00	2	3	22.15	122.21	0.47	17	1.61	2.635043	# LS tree differs in height | LS tree intersects ground |
7	1.09	-1.70	5.38	3	2	21.10	181.95	0.27	11	0.79	1.986597	# LS tree differs in height | 
6	-1.33	-0.32	3.83	3	2	20.33	154.05	0.50	12	1.30	0.962819	# 
7	-1.89	-3.42	2.31	2	3	26.83	65.59	0.31	14	0.39	1.988759	# LS tree differs in height | 
5	2.50	-3.62	2.93	2	2	27.37	148.62	0.57	10	1.07	1.988327	# LS tree differs in height | 
8	2.96	-0.38	2.78	2	3	23.43	112.56	0.81	18	1.56	2.661538	# LS tree differs in height | LS tree intersects ground |
8	0.64	0.92	5.46	3	3	23.88	93.85	0.93	15	0.15	1.996974	# LS tree differs in height | 
14	1.60	2.06	4.96	2	2	37.28	148.73	0.98	10	0.91	1.914103	# LS tree intersects ground |
6	2.89	2.01	4.85	2	2	28.83	101.46	0.51	15	1.33	1.971783	# LS tree intersects ground |
11	2.64	0.64	4.83	2	2	21.45	173.01	0.20	18	1.13	1.430769	# LS tree differs in height | 
11	3.07	3.73	3.90	2	2	26.35	149.69	0.14	13	1.40	2.611966	# LS tree differs in height | LS tree intersects ground |
6	2.15	-2.44	4.15	3	2	22.30	194.23	0.17	10	1.80	0.961089	# 
11	2.55	3.17	3.31	3	2	29.56	186.51	0.89	17	0.25	1.987030	# LS tree differs in height | 
19	1.72	2.50	2.93	3	2	37.74	170.10	0.94	13	0.14	2.990594	# LS tree differs in height | LS tree intersects ground |
9	4.66	-0.74	4.36	3	2	25.69	123.33	0.82	10	0.21	1.995677	# LS tree differs in height | 
8	-2.42	1.38	4.83	3	2	39.00	193.43	0.97	10	1.26	1.961971	# LS tree intersects ground |
8	-3.40	2.54	4.82	2	3	20.90	146.30	0.22	10	1.03	0.974060	# 
7	4.12	-0.92	4.95	2	3	31.38	132.94	0.77	18	0.29	1.992218	# LS tree differs in height | 
8	-2.35	3.38	3.17	2	3	37.00	73.85	0.12	12	1.31	1.925182	# LS tree intersects ground |
18	-1.11	1.05	5.96	2	3	26.92	75.28	0.61	12	1.17	1.994442	# LS tree differs in height | 
12	-1.61	-1.38	3.70	3	2	31.68	134.68	0.66	11	0.74	0.961954	# 
8	-3.72	3.98	2.08	2	3	22.29	136.74	0.23	10	0.17	1.996974	# LS tree differs in height | 
5	1.14	3.72	5.84	2	3	30.39	144.72	0.84	11	1.02	1.993083	# LS tree differs in height | 
9	-1.50	-0.10	4.73	2	3	20.30	81.40	0.66	11	0.62	0.980977	# 
5	-2.48	1.41	5.52	2	2	38.67	187.64	0.28	15	0.34	1.995677	# LS tree differs in height | 
6	0.92	3.69	3.00	2	2	20.79	197.40	0.27	19	0.66	0.980545	# 
5	-0.79	-2.31	4.70	3	3	26.26	163.13	0.81	15	1.25	0.982706	# 
10	-2.73	-2.12	5.73	3	3	35.91	190.32	0.56	11	0.13	1.997838	# LS tree differs in height | 
10	2.94	-2.02	2.30	2	2	38.70	83.66	0.44	15	0.67	1.969749	# LS tree intersects ground |
8	-3.52	3.38	5.22	2	2	35.54	94.26	0.86	19	0.58	1.988457	# LS tree intersects ground |
8	-0.25	-4.68	3.56	3	3	27.78	96.66	0.54	11	1.76	1.732906	# LS tree intersects ground |
8	-2.55	-4.01	2.25	2	2	35.50	125.80	0.67	16	1.85	2.875214	# LS tree differs in height | LS tree intersects ground |
8	2.77	4.10	5.47	2	2	37.59	69.80	0.18	10	1.99	1.980769	# LS tree intersects ground |
7	-4.24	-1.56	5.29	3	2	29.54	173.29	0.43	19	1.58	1.878632	# LS tree differs in height | 
11	-4.48	-2.57	5.76	3	2	21.69	130.79	0.34	12	1.20	0.566667	# 
7	-4.26	4.58	5.63	3	2	27.83	84.29	0.72	19	0.24	1.995244	# LS tree differs in height | 
11	-4.23	-4.91	5.30	2	2	29.02	198.74	0.27	15	1.16	2.690598	# LS tree differs in height | LS tree intersects ground |
17	-4.32	-0.35	3.48	3	2	29.62	98.15	0.83	16	0.49	0.992732	# 
8	3.71	0.52	5.96	2	3	21.94	189.19	0.11	15	1.50	0.627350	# 
7	-0.80	-4.63	2.15	2	3	21.92	69.77	0.49	17	1.42	1.899573	# LS tree intersects ground |
7	-2.37	3.27	5.31	3	2	23.92	83.43	0.97	13	0.86	0.989192	# 
7	2.72	2.78	3.72	2	3	33.76	150.36	0.68	13	0.92	1.975357	# LS tree intersects ground |
5	-1.50	-0.20	5.13	2	2	23.22	153.13	0.95	11	1.96	0.977086	# 
9	-4.99	-0.10	5.83	2	3	21.55	196.88	0.57	13	0.20	1.995677	# LS tree differs in height | 
11	-0.20	-3.81	2.10	3	2	23.97	69.23	0.21	15	0.34	1.996974	# LS tree differs in height | 
5	-0.39	-2.86	2.26	3	2	26.52	147.94	0.86	12	0.53	1.992218	# LS tree differs in height | 
14	4.26	-1.74	4.67	2	2	29.64	96.09	0.85	19	0.13	1.994380	# LS tree differs in height | 
15	-3.71	-3.60	2.36	3	2	25.08	173.58	0.83	15	0.15	1.990921	# LS tree differs in height | 
15	1.74	0.48	2.82	2	2	27.01	73.12	0.14	17	0.22	2.986597	# LS tree differs in height | LS tree intersects ground |
19	3.46	-2.94	5.59	3	2	26.11	114.84	0.49	13	0.43	0.993947	# 
11	2.18	-3.27	3.32	3	3	26.11	166.42	0.29	12	0.50	0.977951	# 
9	-1.24	-0.65	2.58	2	3	21.18	116.18	0.47	13	0.30	1.990921	# LS tree differs in height | 
10	2.38	-1.61	5.84	3	2	31.51	169.54	0.74	10	0.50	1.989624	# LS tree differs in height | 
6	-2.26	3.78	5.54	3	2	36.86	107.80	0.87	17	0.72	0.996541	# 
11	2.99	1.99	5.39	2	2	28.85	107.12	0.99	13	1.12	1.691880	# LS tree intersects ground |
5	0.05	-2.51	4.48	3	2	23.44	84.32	0.57	15	0.76	1.990921	# LS tree differs in height | 
9	-4.82	-2.93	3.36	2	2	38.91	175.94	0.78	11	0.26	1.994812	# LS tree differs in height | 
5	-2.38	-0.56	2.21	2	2	34.90	120.03	0.85	18	0.99	0.984868	# 
5	-4.83	1.07	4.12	3	2	35.82	150.75	0.31	16	1.53	0.971898	# 
6	0.61	2.93	3.06	2	2	34.65	123.82	0.38	19	1.10	0.967080	# 
6	-4.02	-1.32	4.44	3	2	27.71	100.33	0.70	14	0.93	0.980545	# 
6	-1.34	-3.82	3.54	3	2	33.68	95.25	0.95	11	0.16	1.997838	# LS tree differs in height | 
6	2.30	3.37	5.42	3	3	31.35	84.47	0.77	18	1.20	1.925609	# LS tree intersects ground |
8	2.08	1.66	2.01	2	3	24.36	180.91	0.41	17	0.52	0.980112	# 
17	-4.88	-2.58	5.88	2	3	36.04	183.53	0.48	15	0.23	1.982706	# LS tree differs in height | 
15	-4.30	-2.27	3.60	2	2	29.41	77.56	0.78	11	0.54	1.973065	# LS tree intersects ground |
7	-1.93	-4.84	2.73	3	3	31.74	82.44	0.29	14	0.49	2.984181	# LS tree differs in height | LS tree intersects ground |
10	3.18	1.69	4.20	2	2	35.65	180.13	0.33	14	0.87	1.936325	# LS tree intersects ground |
12	-2.90	-4.19	5.85	2	2	35.96	122.11	0.42	10	0.78	0.954604	# 
8	-4.90	-2.63	2.83	3	2	29.76	180.70	0.47	17	0.28	1.992650	# LS tree differs in height | 
5	0.19	4.27	2.70	2	2	31.23	131.63	0.91	19	0.22	1.997838	# LS tree differs in height | 
6	4.09	-4.22	2.57	3	2	22.84	92.56	0.33	17	0.93	0.974492	# 
5	1.42	-3.37	3.27	3	3	36.04	110.73	0.89	16	0.81	0.985733	# 
9	2.24	-2.80	5.89	3	2	28.17	161.09	0.64	18	0.18	1.993515	# LS tree differs in height | 
8	-1.29	-3.53	3.01	3	2	32.31	89.79	0.91	14	1.55	1.921795	# LS tree intersects ground |
6	2.44	4.35	3.02	3	3	34.55	152.68	0.71	15	0.77	1.982471	# LS tree intersects ground |
10	3.05	4.61	5.41	3	3	23.99	110.11	0.22	14	0.16	1.994812	# LS tree differs in height | 
7	-1.15	1.72	2.40	3	2	24.15	184.80	0.34	10	1.36	0.967142	# 
7	-3.01	-3.72	3.00	3	2	28.74	187.75	0.71	10	0.94	0.980977	# 
5	3.14	3.11	4.31	3	3	37.07	82.18	0.46	18	0.23	1.996541	# LS tree differs in height | 
7	-3.80	3.55	5.41	2	3	30.82	71.45	0.96	16	0.87	1.955469	# LS tree intersects ground |
17	-4.40	-4.91	3.23	2	2	23.54	85.82	0.11	15	0.53	0.992732	# 
11	-1.13	4.64	2.94	2	2	23.78	95.67	0.43	17	1.33	2.564957	# LS tree differs in height | LS tree intersects ground |
9	4.73	-4.95	5.61	3	2	22.69	179.45	0.50	16	1.14	0.827350	# 
8	-4.46	-1.28	4.42	2	2	28.66	199.70	0.88	18	1.77	2.868803	# LS tree differs in height | LS tree intersects ground |
12	-4.37	-0.12	4.43	3	2	25.17	139.96	0.46	12	0.57	0.964548	# 
5	1.73	3.65	3.94	3	3	20.46	158.77	0.58	16	0.99	0.980112	# 
10	2.41	-3.54	3.67	3	2	25.29	178.57	0.47	15	0.90	1.874786	# LS tree intersects ground |
10	-0.82	-0.78	5.72	2	2	28.87	144.37	0.78	11	1.25	0.994442	# 
7	2.76	-3.27	3.09	3	3	33.86	162.00	0.46	11	1.74	1.933761	# LS tree intersects ground |
7	-1.09	0.99	2.03	2	2	25.46	139.00	0.71	14	1.67	0.941453	# 
10	-4.30	-3.21	3.99	2	2	32.56	105.15	0.89	12	0.63	1.984181	# LS tree intersects ground |
5	-3.14	4.17	5.27	3	3	34.50	98.71	0.36	17	1.26	1.964515	# LS tree intersects ground |
6	-0.26	-0.43	2.69	2	2	23.06	114.09	0.65	17	1.64	0.939718	# 
7	3.94	3.91	5.72	3	3	21.59	63.84	0.80	17	1.80	1.668376	# LS tree differs in height | 
6	1.51	-2.11	5.23	3	3	34.93	70.57	0.20	16	0.65	0.991786	# 
10	-0.39	-3.43	5.25	2	2	36.20	155.46	0.11	12	1.29	1.794444	# LS tree intersects ground |
8	2.73	2.22	4.36	2	3	37.07	72.76	0.25	11	0.77	1.987462	# LS tree intersects ground |
10	3.38	3.67	4.23	3	2	27.04	153.54	0.13	18	0.99	1.703419	# LS tree intersects ground |
8	4.64	0.78	4.35	2	3	33.83	119.49	0.95	19	1.94	2.581197	# LS tree differs in height | LS tree intersects ground |
9	-0.75	-2.99	5.75	3	2	27.31	114.47	0.71	12	1.00	0.955901	# 
8	-2.08	3.40	5.53	2	3	29.45	179.00	0.63	18	0.84	0.927778	# 
10	-2.57	4.73	3.93	2	2	31.12	148.94	0.70	12	1.74	2.664103	# LS tree differs in height | LS tree intersects ground |
7	-3.07	1.53	3.67	2	2	35.29	155.97	0.58	14	0.14	1.997406	# LS tree differs in height | 
17	-2.49	-0.25	2.11	2	3	28.14	148.17	0.41	10	0.51	0.995677	# 
6	-1.48	3.25	3.85	2	2	36.74	97.13	0.83	12	0.36	1.996541	# LS tree differs in height | 
8	-3.00	-1.42	5.91	2	3	38.32	138.82	0.39	19	1.27	2.765812	# LS tree differs in height | LS tree intersects ground |
13	-0.10	-4.52	4.58	2	2	26.76	98.38	0.28	12	0.90	0.994442	# 
16	0.62	4.19	5.52	3	3	32.38	64.20	0.31	15	0.87	1.994442	# LS tree differs in height | 
11	-3.39	-4.27	4.28	2	2	20.74	115.69	0.79	16	1.10	1.572650	# LS tree differs in height | 
5	2.12	4.81	4.95	3	2	28.42	72.46	0.56	19	1.22	0.988759	# 
9	-1.66	-0.85	2.89	2	2	36.97	162.09	0.90	12	0.39	1.990921	# LS tree differs in height | 
6	-2.97	1.35	3.54	2	2	31.83	131.37	0.13	19	0.81	0.984436	# 
7	3.26	-0.24	4.26	2	2	32.81	180.83	0.72	19	1.01	1.964103	# LS tree intersects ground |
14	1.12	-2.21	5.89	3	2	20.59	78.66	0.89	10	0.24	1.993515	# LS tree differs in height | 
19	0.14	-1.48	5.64	2	3	28.53	72.51	0.32	19	0.67	1.994442	# LS tree differs in height | 
14	1.57	1.90	4.60	3	2	25.81	115.23	0.31	13	0.60	0.889801	# 
8	-0.92	3.05	3.76	2	3	30.77	164.29	0.12	10	0.81	0.989624	# 
10	-3.99	1.82	3.16	3	3	20.84	113.58	0.64	12	0.36	1.984003	# LS tree differs in height | 
7	4.84	-4.22	4.62	3	3	31.80	154.41	0.30	19	0.73	1.958102	# LS tree intersects ground |
7	-0.90	-0.27	5.24	2	2	21.52	133.45	0.77	16	0.18	1.997838	# LS tree differs in height | 
8	-3.24	-4.62	4.52	2	3	29.71	158.54	0.69	18	1.24	1.837607	# LS tree intersects ground |
10	1.36	-0.23	3.28	2	2	33.56	181.62	0.30	11	1.36	1.882906	# LS tree intersects ground |
14	-2.82	-2.26	5.55	3	2	38.44	92.90	0.78	11	0.51	0.996109	# 
8	2.14	-1.91	2.29	2	3	32.21	132.78	0.83	12	0.51	2.985891	# LS tree differs in height | LS tree intersects ground |
5	-2.21	1.43	5.49	3	3	36.83	115.78	0.15	16	1.16	0.971466	# 
8	-1.05	-2.97	2.63	3	3	37.10	68.32	0.19	12	0.89	1.969736	# LS tree intersects ground |
5	3.89	-0.33	4.27	2	2	34.45	171.09	0.74	17	1.74	0.981616	# 
7	4.04	4.26	5.68	2	2	21.11	146.84	0.53	16	0.67	0.985300	# 
9	2.49	1.34	4.77	3	2	22.14	72.90	0.75	15	1.74	2.842735	# LS tree differs in height | LS tree intersects ground |
9	4.57	-0.01	2.31	2	3	25.99	168.39	0.19	16	0.17	1.993083	# LS tree differs in height | 
5	-2.87	-1.00	5.64	2	2	23.50	117.26	0.21	13	0.36	1.996541	# LS tree differs in height | 
17	-1.75	-0.54	5.79	2	2	27.92	112.19	0.55	16	0.20	1.984436	# LS tree differs in height | 
9	4.90	1.46	5.28	3	2	39.14	85.14	0.76	14	0.57	1.988457	# LS tree intersects ground |
6	2.05	3.87	3.49	2	2	39.80	134.35	0.39	11	1.19	0.987895	# 
9	1.13	-0.46	4.24	2	2	27.49	195.66	0.68	10	1.91	1.838034	# LS tree intersects ground |
6	0.99	1.96	4.84	3	2	22.69	144.93	0.95	15	0.59	1.988759	# LS tree differs in height | 
11	-0.64	-1.94	4.05	2	2	36.88	139.76	0.91	18	1.57	2.521795	# LS tree differs in height | LS tree intersects ground |
7	-3.26	-4.64	4.72	3	3	33.48	169.70	0.77	14	0.61	1.990056	# LS tree differs in height | 
7	-2.41	-4.15	4.78	2	2	31.49	130.31	0.84	17	1.13	0.949551	# 
6	2.98	4.80	5.27	2	2	39.09	156.35	0.48	11	1.21	0.994812	# 
7	-0.27	3.47	5.86	3	2	37.42	118.54	0.27	18	1.83	2.864103	# LS tree differs in height | LS tree intersects ground |
7	1.34	0.19	2.44	3	3	33.18	103.35	0.65	18	1.09	1.921795	# LS tree intersects ground |
5	-1.51	4.52	2.85	3	2	20.11	79.49	0.35	10	1.41	0.987895	# 
7	-3.86	4.04	4.81	2	2	24.55	181.39	0.25	13	1.09	0.959792	# 
8	1.65	0.33	4.82	2	3	25.30	185.83	0.36	15	0.36	1.987462	# LS tree differs in height | 
6	2.20	3.74	4.04	3	3	35.41	138.10	0.28	13	1.93	1.923077	# LS tree intersects ground |
9	-4.66	-2.61	5.28	2	3	36.10	163.36	0.75	19	0.11	1.996974	# LS tree differs in height | 
5	-1.67	-4.69	5.27	3	3	34.05	171.74	0.21	18	1.51	0.976923	# 
7	-3.67	4.50	4.86	2	2	37.16	133.19	0.11	10	1.95	0.950000	# 
8	4.07	-0.20	3.97	2	3	24.23	130.20	0.11	19	0.59	1.955469	# LS tree intersects ground |
11	-2.69	4.79	4.10	2	2	35.85	97.71	0.70	16	0.18	1.995677	# LS tree differs in height | 
8	-4.18	-1.14	5.97	2	2	22.33	74.19	0.52	16	0.40	1.991353	# LS tree differs in height | 
9	-3.12	-0.81	5.56	3	2	24.33	136.12	0.89	13	1.19	0.852991	# 
13	0.07	0.96	3.66	3	2	30.79	134.77	0.42	11	0.89	0.994442	# 
10	-2.78	-3.37	4.91	3	2	34.88	141.80	0.68	11	0.55	1.980545	# LS tree differs in height | 
9	3.80	-4.99	5.43	2	2	24.82	65.87	0.33	16	1.89	2.964530	# LS tree differs in height | LS tree intersects ground |
11	2.14	-3.18	4.47	2	2	36.33	192.53	0.48	14	0.77	1.906838	# LS tree intersects ground |
6	-1.22	-2.16	4.16	3	3	27.97	193.53	0.23	10	0.93	1.989192	# LS tree differs in height | 
13	-1.19	0.51	2.77	2	3	30.26	105.59	0.21	15	0.15	1.991786	# LS tree differs in height | 
15	-2.91	1.45	5.18	2	2	21.91	125.53	0.15	15	0.75	0.731197	# 
14	-1.02	-2.86	2.68	3	3	38.93	95.85	0.31	10	0.64	0.995677	# 
5	-2.28	3.26	3.53	3	2	28.02	75.12	0.86	12	1.64	0.987462	# 
9	3.12	-4.29	5.03	3	2	39.98	172.84	0.47	16	0.55	0.984868	# 
6	1.48	-0.40	3.49	2	2	28.34	127.17	0.23	12	0.66	1.996974	# LS tree differs in height | 
10	2.45	4.24	4.07	2	2	20.51	67.69	0.54	15	1.90	2.858547	# LS tree differs in height | LS tree intersects ground |
12	-0.51	1.50	3.75	2	3	35.08	128.27	0.49	12	0.34	1.996974	# LS tree differs in height | 
8	-0.29	-0.14	6.00	2	2	32.70	119.15	0.34	16	0.75	0.976654	# 
10	-1.64	0.73	4.51	2	2	26.15	154.90	0.96	12	1.67	2.685043	# LS tree differs in height | LS tree intersects ground |
8	1.23	-4.75	3.47	3	2	28.47	78.87	0.58	12	1.32	1.963232	# LS tree intersects ground |
13	-2.06	-2.00	3.96	2	2	39.88	146.76	0.44	12	0.48	1.975357	# LS tree intersects ground |
6	1.05	-4.49	2.47	2	2	20.70	156.73	0.36	16	0.58	1.986165	# LS tree differs in height | 
18	-0.93	-1.73	5.99	3	2	22.89	80.27	0.39	14	0.30	1.959384	# LS tree intersects ground |
9	-4.14	2.38	5.11	3	2	38.20	73.06	0.60	17	1.98	2.897436	# LS tree differs in height | LS tree intersects ground |
5	-0.11	-2.63	3.35	3	3	23.62	106.38	0.59	15	0.60	1.988327	# LS tree differs in height | 
10	2.78	-2.48	3.23	3	2	38.76	197.30	0.61	10	0.56	2.988759	# LS tree differs in height | LS tree intersects ground |
6	0.37	4.43	4.59	2	3	35.22	151.52	0.91	19	1.43	1.949573	# LS tree intersects ground |
8	3.40	-2.46	5.24	2	2	30.04	77.76	0.73	19	0.59	0.993515	# 
7	-0.54	2.51	4.44	2	2	35.67	166.01	0.81	12	0.32	1.996541	# LS tree differs in height | 
8	-3.60	2.61	2.23	3	2	24.80	73.46	0.16	13	0.15	1.996109	# LS tree differs in height | 
6	0.25	0.15	4.86	3	3	34.48	164.79	0.35	12	0.97	0.996541	# 
17	1.75	4.20	5.14	3	3	34.23	82.58	0.60	15	0.84	1.993587	# LS tree differs in height | 
9	-4.77	-0.75	2.18	3	2	32.05	115.49	0.79	12	0.71	1.969218	# LS tree intersects ground |
9	0.15	3.18	3.97	2	2	24.64	179.63	0.45	16	1.74	2.731197	# LS tree differs in height | LS tree intersects ground |
6	-2.77	1.85	4.94	2	2	26.13	130.64	0.99	18	1.86	1.939290	# LS tree differs in height | 
8	-1.99	-3.91	3.12	2	3	36.16	173.93	0.87	19	1.05	1.901709	# LS tree intersects ground |
7	-0.35	-0.73	4.40	3	3	24.32	83.74	0.24	15	0.17	1.996974	# LS tree differs in height | 
10	-2.24	0.63	3.10	2	2	20.68	114.94	0.31	16	0.30	1.986597	# LS tree differs in height | 
14	-0.72	2.73	2.27	2	3	29.49	147.76	0.67	14	0.37	0.996541	# 
8	2.40	-3.05	2.13	3	2	31.61	97.46	0.14	13	1.04	1.955469	# LS tree intersects ground |
12	0.23	-4.11	5.55	3	2	26.06	159.27	0.85	13	0.66	0.933852	# 
6	3.48	-3.99	4.93	2	3	30.66	197.51	0.97	10	0.95	1.990921	# LS tree differs in height | 
7	-3.73	4.88	3.60	3	2	38.13	87.37	0.11	14	1.70	1.955128	# LS tree intersects ground |
6	1.03	2.05	3.59	2	3	30.43	111.62	0.18	11	0.27	1.996541	# LS tree differs in height | 
5	2.93	-4.82	2.02	2	3	29.04	111.31	0.42	12	0.94	1.987895	# LS tree differs in height | 
11	-2.36	-1.08	5.00	2	3	22.11	153.01	0.12	10	0.89	0.945093	# 
17	-3.32	-3.94	5.60	3	2	30.06	158.07	0.63	11	1.20	1.994015	# LS tree differs in height | 
10	4.40	-1.87	3.83	2	3	25.80	101.63	0.95	11	0.36	1.996974	# LS tree differs in height | 
6	4.55	3.46	4.37	2	3	35.74	96.61	0.21	16	0.56	1.990921	# LS tree differs in height | 
10	4.48	0.87	5.36	3	2	36.12	160.40	0.27	13	0.48	0.979680	# 
10	-0.50	1.48	4.05	2	2	20.24	129.81	0.82	11	1.37	0.814957	# 
10	-2.18	4.21	4.39	2	3	37.45	125.03	0.94	10	0.16	1.997838	# LS tree differs in height | 
5	1.70	-2.39	5.41	2	3	37.39	199.24	0.32	14	1.35	0.976221	# 
8	-3.46	4.06	4.30	3	3	26.31	165.11	0.31	11	1.17	0.916991	# 
7	3.19	-1.64	3.56	3	3	31.77	181.05	0.37	19	0.94	1.958529	# LS tree intersects ground |
11	-1.83	3.22	3.98	2	2	39.73	167.03	0.34	14	0.16	1.995244	# LS tree differs in height | 
17	-2.54	-2.34	3.32	3	3	25.73	74.53	0.59	11	0.74	0.994015	# 
17	4.80	-1.55	4.60	2	2	31.76	131.90	0.35	19	0.12	1.990056	# LS tree differs in height | 
12	4.32	1.52	4.33	3	3	20.45	70.08	0.75	14	0.31	1.984003	# LS tree differs in height | 
8	-2.34	3.11	5.94	2	3	27.26	181.20	0.83	18	1.51	2.793590	# LS tree differs in height | LS tree intersects ground |
6	2.30	-4.42	4.74	2	2	33.66	179.78	0.53	15	1.67	0.968803	# 
5	0.22	-3.40	5.37	3	2	32.65	80.08	0.47	13	1.84	0.987895	# 
5	2.57	3.12	2.63	2	3	34.35	133.71	0.19	19	1.19	1.974492	# LS tree intersects ground |
18	3.07	1.01	2.99	3	2	27.07	127.62	0.52	11	0.23	1.981842	# LS tree differs in height | 
14	0.11	3.48	3.19	3	2	26.81	137.86	0.60	12	0.12	1.994812	# LS tree differs in height | 
8	-3.79	2.99	3.76	2	2	20.54	167.39	0.96	12	0.40	1.992218	# LS tree differs in height | 
12	-0.47	-3.17	2.57	2	3	23.10	100.36	0.48	10	0.13	1.995244	# LS tree differs in height | 
5	2.01	2.47	3.41	3	2	29.30	175.61	0.86	14	1.62	0.980977	# 
5	3.02	1.93	5.12	2	3	22.34	196.13	0.23	18	1.38	0.957247	# 
6	0.41	0.52	3.41	2	3	23.66	171.62	1.00	13	1.44	0.962819	# 
15	-2.25	4.89	4.69	3	2	23.73	95.00	0.63	16	0.27	0.977518	# 
6	-3.54	-4.34	2.78	3	2	25.53	96.39	0.86	18	0.26	1.994812	# LS tree differs in height | 
5	0.63	-3.23	5.92	2	3	24.07	71.53	0.88	18	1.17	0.976654	# 
5	-2.29	-1.76	3.83	2	2	22.54	133.96	0.33	18	0.40	1.995677	# LS tree differs in height | 
11	-4.08	4.32	3.80	2	2	38.28	134.54	0.37	16	1.16	2.815385	# LS tree differs in height | LS tree intersects ground |
11	-3.78	2.14	4.67	2	2	34.06	118.32	0.58	14	1.95	2.384188	# LS tree differs in height | LS tree intersects ground |
8	-0.69	-4.88	3.51	2	3	33.92	64.46	0.80	16	1.55	2.837607	# LS tree differs in height | LS tree intersects ground |
7	-4.95	-1.97	4.64	3	2	26.87	72.28	0.39	14	1.63	1.977341	# LS tree intersects ground |
11	1.79	-1.34	4.13	3	3	24.69	181.46	0.80	11	0.13	1.996974	# LS tree differs in height | 
12	-4.56	1.19	5.04	3	3	21.48	62.09	0.73	11	0.31	1.987462	# LS tree differs in height | 
6	-0.98	-2.91	4.09	3	3	37.54	127.46	0.26	17	0.95	1.970601	# LS tree intersects ground |
7	-1.46	4.37	3.43	2	3	37.71	176.77	0.25	11	0.32	1.997406	# LS tree differs in height | 
12	0.94	-4.92	4.46	2	2	33.77	136.53	0.24	12	0.63	0.967142	# 
7	1.20	-0.06	4.01	2	2	26.37	182.47	0.39	12	0.50	1.992218	# LS tree differs in height | 
9	4.87	3.06	4.65	3	2	38.86	77.25	0.84	12	0.92	0.993515	# 
6	0.75	3.84	2.22	2	2	28.95	136.36	0.46	11	0.33	1.996974	# LS tree differs in height | 
6	-0.45	-2.12	5.03	2	2	29.13	81.83	0.62	10	1.29	0.991786	# 
12	-4.86	-4.18	4.67	3	3	33.46	153.72	0.60	16	0.29	1.996974	# LS tree differs in height | 
7	-3.45	4.57	2.81	2	3	39.68	78.52	0.88	16	1.04	1.965413	# LS tree intersects ground |
5	-1.25	0.93	2.32	3	3	27.39	122.35	0.67	10	0.69	1.990921	# LS tree differs in height | 
6	4.18	3.75	3.75	3	2	31.48	163.06	0.84	10	1.71	0.974924	# 
14	3.45	4.91	2.39	3	2	33.31	170.29	0.46	15	0.31	1.982899	# LS tree intersects ground |
6	2.35	3.67	4.21	3	3	22.98	93.97	0.94	18	0.27	1.993515	# LS tree differs in height | 
9	2.74	2.47	5.82	3	2	38.16	184.65	0.55	12	0.23	1.995244	# LS tree differs in height | 
11	-4.75	-0.59	3.27	2	2	39.55	92.32	0.44	16	0.48	1.961094	# LS tree intersects ground |
5	3.77	0.60	3.89	2	2	21.60	93.00	0.76	19	1.39	0.973920	# 
6	1.70	-4.40	2.43	2	2	28.41	163.49	0.56	17	0.11	1.997838	# LS tree differs in height | 
10	0.35	-1.01	5.70	2	3	28.76	142.96	0.31	14	0.63	1.964515	# LS tree intersects ground |
10	2.55	4.24	2.55	3	2	30.30	134.85	0.41	12	0.86	1.954604	# LS tree intersects ground |
13	4.11	2.27	4.49	2	2	21.08	139.13	0.41	11	0.59	0.963684	# 
6	0.77	0.42	3.18	3	3	34.66	143.69	0.76	17	0.52	2.986165	# LS tree differs in height | LS tree intersects ground |
13	1.07	2.57	5.35	2	3	30.46	184.35	0.29	18	0.28	0.977086	# 
7	-3.52	1.26	5.81	2	2	28.28	117.03	0.78	14	1.40	0.921368	# 
9	-1.44	2.91	3.32	2	2	34.29	92.38	0.49	15	1.86	2.853419	# LS tree differs in height | LS tree intersects ground |
12	4.93	1.65	4.62	2	2	20.07	66.45	0.24	11	0.38	1.994380	# LS tree differs in height | 
16	-1.10	-4.86	5.45	3	3	30.21	153.19	0.21	13	0.97	1.994442	# LS tree differs in height | 
16	-4.03	-3.49	4.00	2	2	31.43	163.91	0.49	11	0.52	1.951578	# LS tree intersects ground |
7	-1.16	1.88	4.32	2	2	31.98	81.07	0.56	10	1.91	1.973504	# LS tree intersects ground |
9	0.80	-2.69	2.30	3	3	36.01	181.73	0.84	14	0.36	1.990921	# LS tree differs in height | 
9	-2.53	-0.62	3.22	2	2	27.42	168.10	0.17	16	0.60	0.964116	# 
5	1.28	3.19	2.72	3	3	36.09	75.92	0.81	11	0.33	1.996541	# LS tree differs in height | 
10	-4.08	-4.74	2.98	3	2	25.19	151.72	0.75	15	0.14	1.997838	# LS tree differs in height | 
10	3.06	-4.79	4.48	3	3	23.37	188.12	0.82	18	0.13	1.993515	# LS tree differs in height | 
14	-1.03	2.67	3.64	3	2	31.38	66.21	0.38	11	0.11	1.997838	# LS tree differs in height | 
7	3.55	4.97	5.15	3	3	28.69	100.61	0.91	12	0.90	0.980977	# 
7	2.42	-4.70	3.65	3	3	30.12	126.44	0.74	11	1.28	1.952875	# LS tree intersects ground |
19	-2.66	2.21	2.54	3	2	38.43	122.52	0.53	11	0.10	1.993083	# LS tree differs in height | 
6	-3.75	4.88	3.13	2	2	21.82	176.91	0.79	14	0.39	1.994812	# LS tree differs in height | 
7	-0.76	-4.30	5.95	2	3	33.62	149.88	0.71	12	0.65	1.988759	# LS tree differs in height | 
15	4.59	-4.72	5.19	2	2	29.18	77.32	0.13	11	0.92	1.930740	# LS tree intersects ground |
14	1.51	0.00	4.40	2	3	36.44	83.91	0.71	11	0.27	2.987462	# LS tree differs in height | LS tree intersects ground |
9	-3.22	3.30	2.02	3	2	29.40	157.18	0.57	16	0.11	1.995244	# LS tree differs in height | 
5	-2.86	3.69	5.79	2	3	33.12	88.65	0.38	12	1.05	0.994380	# 
15	0.12	-3.36	5.32	3	2	29.79	70.33	0.96	15	0.19	1.994380	# LS tree differs in height | 
9	0.70	-1.45	4.18	3	2	23.91	196.27	0.73	18	1.82	2.624359	# LS tree differs in height | LS tree intersects ground |
9	2.11	2.75	3.69	3	2	24.09	161.59	0.21	15	1.94	2.667094	# LS tree differs in height | LS tree intersects ground |
6	2.51	0.39	2.12	3	2	38.58	103.73	0.24	11	1.78	1.970500	# LS tree intersects ground |
6	-3.85	-0.68	3.50	3	2	25.61	187.92	0.16	10	1.64	0.968872	# 
7	-3.76	-0.55	3.72	2	3	30.31	140.97	0.70	19	1.78	2.807692	# LS tree differs in height | LS tree intersects ground |
8	4.58	-1.06	4.14	3	2	23.01	184.94	0.14	13	0.42	1.987895	# LS tree differs in height | 
5	4.02	-3.95	2.05	3	2	33.90	63.40	0.71	16	1.07	1.991877	# LS tree intersects ground |
7	-4.64	1.71	4.57	3	2	32.80	176.10	0.93	19	0.96	1.945726	# LS tree intersects ground |
14	4.69	2.42	2.62	2	2	38.56	70.74	0.92	14	0.23	2.989192	# LS tree differs in height | LS tree intersects ground |
5	-0.66	4.13	5.40	3	3	32.60	74.41	0.80	10	0.78	1.995244	# LS tree differs in height | 
5	2.69	2.00	2.03	3	2	39.54	127.93	0.81	13	0.54	1.990921	# LS tree differs in height | 
9	-1.47	0.28	2.29	3	2	23.94	108.34	0.43	17	1.40	2.746581	# LS tree differs in height | LS tree intersects ground |
13	-0.70	1.06	5.30	3	2	29.97	185.73	0.53	13	0.46	1.961954	# LS tree intersects ground |
7	3.02	4.65	5.37	2	3	25.34	71.90	0.91	19	1.61	2.751282	# LS tree differs in height | LS tree intersects ground |
10	-1.60	-4.39	2.28	2	3	33.39	160.87	0.80	11	0.35	1.990056	# LS tree differs in height | 
9	-0.16	-0.29	4.63	3	3	20.82	107.94	0.19	15	0.15	1.995677	# LS tree differs in height | 
9	-2.39	-2.77	4.87	3	2	33.93	162.47	0.46	10	0.83	0.981409	# 
15	1.82	-3.59	4.21	2	2	39.32	60.32	0.65	11	0.22	2.994015	# LS tree differs in height | LS tree intersects ground |
5	-1.84	-2.41	3.34	2	2	29.86	104.61	0.32	10	1.88	0.987030	# 
6	-1.02	0.22	3.14	2	3	21.76	69.61	0.38	15	0.72	0.985300	# 
9	4.09	-1.54	5.22	2	2	39.06	163.67	0.92	17	0.37	1.987895	# LS tree differs in height | 
5	1.69	3.88	2.34	3	3	21.98	90.21	0.16	10	0.24	1.998271	# LS tree differs in height | 
6	-4.49	-1.39	5.42	2	2	29.52	183.62	0.15	18	1.35	0.954701	# 
5	-3.29	-0.14	3.59	3	3	36.17	95.54	0.52	15	1.04	1.984868	# LS tree intersects ground |
9	0.82	-2.65	5.90	2	2	31.45	94.78	0.93	18	1.82	2.703846	# LS tree differs in height | LS tree intersects ground |
6	-1.77	-2.42	5.54	2	3	25.01	152.14	0.15	12	1.01	0.989192	# 
13	4.44	4.45	5.56	3	2	38.37	146.25	0.47	15	0.33	0.981409	# 
10	4.99	3.84	4.76	2	2	31.67	146.63	0.93	10	0.33	1.996541	# LS tree differs in height | 
16	-4.86	-1.22	3.30	3	2	38.24	143.89	0.52	11	0.21	2.988457	# LS tree differs in height | LS tree intersects ground |
14	2.81	0.07	4.44	2	2	27.88	172.12	0.64	16	0.63	0.993159	# 
6	2.08	-2.69	5.60	3	2	20.00	127.21	0.27	13	1.12	0.994812	# 
8	3.03	-5.00	2.00	3	2	20.00	198.45	0.30	15	1.63	1.840598	# LS tree differs in height | 
6	2.08	-2.69	5.60	3	2	20.00	127.21	0.27	13	1.12	0.994812	# 
8	3.03	-5.00	2.00	3	2	20.00	198.45	0.30	15	1.63	1.840598	# LS tree differs in height | 
11	-4.54	0.60	4.83	2	2	27.15	190.41	0.10	15	1.55	2.432479	# LS tree differs in height | LS tree intersects ground |
9	-2.82	-1.04	3.99	2	2	26.68	170.75	0.35	17	0.93	0.894444	# 
11	-4.54	0.60	4.83	2	2	27.15	190.41	0.10	15	1.55	2.432479	# LS tree differs in height | LS tree intersects ground |
9	-2.82	-1.04	3.99	2	2	26.68	170.75	0.35	17	0.93	0.894444	# 
5	-1.42	1.32	4.63	2	4	20.00	108.74	0.18	15	0.60	1.992650	# LS tree differs in height | 
5	-1.99	-2.79	2.14	2	3	28.14	60.00	0.30	13	0.34	1.994812	# LS tree differs in height | 
5	-1.42	1.32	4.63	2	4	20.00	108.74	0.18	15	0.60	1.992650	# LS tree differs in height | 
5	-1.99	-2.79	2.14	2	3	28.14	60.00	0.30	13	0.34	1.994812	# LS tree differs in height | 
8	-1.86	1.77	5.12	2	2	20.00	156.30	0.98	11	1.34	0.900385	# 
8	-1.86	1.77	5.12	2	2	20.00	156.30	0.98	11	1.34	0.900385	# 
11	0.93	-4.60	5.67	3	2	20.34	171.93	0.66	13	1.10	0.994442	# 
7	0.67	-0.46	2.93	2	2	20.00	134.55	0.69	12	1.61	0.958529	# 
11	0.93	-4.60	5.67	3	2	20.34	171.93	0.66	13	1.10	0.994442	# 
7	0.67	-0.46	2.93	2	2	20.00	134.55	0.69	12	1.61	0.958529	# 
5	-3.84	1.77	2.00	2	4	20.00	199.34	0.10	13	0.85	1.985300	# LS tree differs in height | 
7	-4.02	4.17	4.11	2	2	26.98	80.98	0.63	18	0.26	1.995244	# LS tree differs in height | 
5	-3.84	1.77	2.00	2	4	20.00	199.34	0.10	13	0.85	1.985300	# LS tree differs in height | 
7	-4.02	4.17	4.11	2	2	26.98	80.98	0.63	18	0.26	1.995244	# LS tree differs in height | 
9	-3.96	-0.66	4.28	3	2	25.38	113.12	0.92	10	1.23	0.898444	# 
8	1.19	4.27	3.18	4	2	20.00	60.00	0.40	16	0.67	0.982274	# 
9	-3.96	-0.66	4.28	3	2	25.38	113.12	0.92	10	1.23	0.898444	# 
8	1.19	4.27	3.18	4	2	20.00	60.00	0.40	16	0.67	0.982274	# 
5	-1.11	-0.77	4.22	3	2	22.75	140.63	0.17	17	0.83	0.981842	# 
6	-1.62	-2.28	5.18	3	3	32.55	60.00	0.21	10	0.77	1.993515	# LS tree differs in height | 
5	-1.11	-0.77	4.22	3	2	22.75	140.63	0.17	17	0.83	0.981842	# 
6	-1.62	-2.28	5.18	3	3	32.55	60.00	0.21	10	0.77	1.993515	# LS tree differs in height | 
5	3.97	2.45	4.70	2	2	30.25	171.98	0.24	11	1.96	0.984003	# 
5	3.93	-5.00	2.73	2	4	24.50	76.76	0.66	11	1.12	0.983139	# 
5	3.97	2.45	4.70	2	2	30.25	171.98	0.24	11	1.96	0.984003	# 
5	3.93	-5.00	2.73	2	4	24.50	76.76	0.66	11	1.12	0.983139	# 
7	-0.54	2.22	4.80	2	2	20.00	107.62	0.34	11	0.62	1.992218	# LS tree differs in height | 
7	-0.54	-2.46	5.25	2	2	38.01	190.66	0.93	14	0.10	1.998703	# LS tree differs in height | 
7	-0.54	2.22	4.80	2	2	20.00	107.62	0.34	11	0.62	1.992218	# LS tree differs in height | 
7	-0.54	-2.46	5.25	2	2	38.01	190.66	0.93	14	0.10	1.998703	# LS tree differs in height | 
7	1.15	-2.87	4.32	2	2	20.00	156.78	0.23	10	1.00	0.987462	# 
7	0.67	-0.46	2.93	2	2	20.00	134.55	0.69	12	1.61	0.958529	# 
7	1.15	-2.87	4.32	2	2	20.00	156.78	0.23	10	1.00	0.987462	# 
7	0.67	-0.46	2.93	2	2	20.00	134.55	0.69	12	1.61	0.958529	# 
8	3.70	-1.47	4.08	2	2	20.00	124.31	0.10	10	0.10	1.998703	# LS tree differs in height | 
8	4.33	1.04	3.28	2	3	22.59	96.23	0.33	19	0.10	1.996974	# LS tree differs in height | 
8	3.70	-1.47	4.08	2	2	20.00	124.31	0.10	10	0.10	1.998703	# LS tree differs in height | 
8	4.33	1.04	3.28	2	3	22.59	96.23	0.33	19	0.10	1.996974	# LS tree differs in height | 
12	-2.03	-5.00	2.00	4	2	27.34	180.99	0.10	10	0.42	1.988759	# LS tree differs in height | 
10	-2.24	1.27	4.52	3	2	39.36	178.76	0.89	10	1.13	1.940363	# LS tree intersects ground |
12	-2.03	-5.00	2.00	4	2	27.34	180.99	0.10	10	0.42	1.988759	# LS tree differs in height | 
10	-2.24	1.27	4.52	3	2	39.36	178.76	0.89	10	1.13	1.940363	# LS tree intersects ground |
6	3.92	-5.00	3.58	3	2	30.34	60.00	0.29	10	1.15	0.993947	# 
6	3.92	-5.00	3.58	3	2	30.34	60.00	0.29	10	1.15	0.993947	# 
11	-4.35	1.06	5.86	2	2	30.93	148.63	0.64	13	1.42	2.450855	# LS tree differs in height | LS tree intersects ground |
11	-3.48	-0.68	3.24	2	2	20.00	92.30	0.36	13	0.46	0.984003	# 
11	-4.35	1.06	5.86	2	2	30.93	148.63	0.64	13	1.42	2.450855	# LS tree differs in height | LS tree intersects ground |
11	-3.48	-0.68	3.24	2	2	20.00	92.30	0.36	13	0.46	0.984003	# 
6	-0.92	-3.65	2.95	3	2	20.00	120.18	0.36	16	1.79	0.919658	# 
6	-2.38	-0.29	3.57	3	4	23.21	159.29	0.62	10	1.53	0.957631	# 
6	-0.92	-3.65	2.95	3	2	20.00	120.18	0.36	16	1.79	0.919658	# 
6	-2.38	-0.29	3.57	3	4	23.21	159.29	0.62	10	1.53	0.957631	# 
8	1.14	-4.64	5.42	2	2	25.59	138.36	0.13	15	1.08	0.909829	# 
5	0.85	3.63	3.03	4	2	20.00	163.73	0.33	18	0.72	0.983139	# 
8	1.14	-4.64	5.42	2	2	25.59	138.36	0.13	15	1.08	0.909829	# 
5	0.85	3.63	3.03	4	2	20.00	163.73	0.33	18	0.72	0.983139	# 
5	-3.89	4.13	2.92	2	2	20.00	83.19	0.92	16	0.88	0.990921	# 
5	-3.89	4.13	2.92	2	2	20.00	83.19	0.92	16	0.88	0.990921	# 
7	2.65	-1.10	4.25	2	2	26.51	177.76	0.52	10	1.21	0.970601	# 
5	3.53	0.42	3.74	2	2	25.79	167.31	0.65	12	0.10	1.999135	# LS tree differs in height | 
7	2.65	-1.10	4.25	2	2	26.51	177.76	0.52	10	1.21	0.970601	# 
5	3.53	0.42	3.74	2	2	25.79	167.31	0.65	12	0.10	1.999135	# LS tree differs in height | 
6	-2.34	2.34	4.54	2	2	23.68	148.55	0.48	19	0.85	0.975789	# 
12	-2.03	-5.00	2.00	4	2	27.34	180.99	0.10	10	0.42	1.988759	# LS tree differs in height | 
6	-2.34	2.34	4.54	2	2	23.68	148.55	0.48	19	0.85	0.975789	# 
12	-2.03	-5.00	2.00	4	2	27.34	180.99	0.10	10	0.42	1.988759	# LS tree differs in height | 
5	3.72	-5.00	5.16	2	2	29.26	60.00	0.64	11	0.78	1.994380	# LS tree differs in height | 
9	4.16	3.83	5.41	3	2	26.15	150.42	0.15	16	0.34	1.989624	# LS tree differs in height | 
5	3.72	-5.00	5.16	2	2	29.26	60.00	0.64	11	0.78	1.994380	# LS tree differs in height | 
9	4.16	3.83	5.41	3	2	26.15	150.42	0.15	16	0.34	1.989624	# LS tree differs in height | 
13	-5.00	-1.92	3.57	3	2	20.00	79.99	0.34	10	0.55	0.974924	# 
13	-5.00	-1.92	3.57	3	2	20.00	79.99	0.34	10	0.55	0.974924	# 
8	-2.30	-0.51	2.42	2	2	23.62	121.65	0.53	13	1.64	0.894444	# 
6	-3.04	1.17	2.61	4	2	20.00	124.63	0.12	10	0.98	1.983139	# LS tree differs in height | 
8	-2.30	-0.51	2.42	2	2	23.62	121.65	0.53	13	1.64	0.894444	# 
6	-3.04	1.17	2.61	4	2	20.00	124.63	0.12	10	0.98	1.983139	# LS tree differs in height | 
7	1.41	3.73	4.30	4	3	32.99	188.51	0.38	12	0.52	1.991353	# LS tree differs in height | 
7	1.41	3.73	4.30	4	3	32.99	188.51	0.38	12	0.52	1.991353	# LS tree differs in height | 
5	3.26	-1.74	2.36	2	2	22.69	175.79	0.53	18	1.84	0.967507	# 
6	-5.00	3.85	4.34	3	4	29.92	178.85	0.94	10	1.47	0.978383	# 
5	3.26	-1.74	2.36	2	2	22.69	175.79	0.53	18	1.84	0.967507	# 
6	-5.00	3.85	4.34	3	4	29.92	178.85	0.94	10	1.47	0.978383	# 
8	4.12	0.84	2.42	2	2	20.68	114.95	0.66	13	1.62	0.882051	# 
8	4.72	-5.00	2.67	3	2	25.41	109.71	0.23	12	1.10	0.943364	# 
8	4.12	0.84	2.42	2	2	20.68	114.95	0.66	13	1.62	0.882051	# 
8	4.72	-5.00	2.67	3	2	25.41	109.71	0.23	12	1.10	0.943364	# 
10	-3.43	2.06	2.00	2	2	24.56	171.54	0.64	10	1.46	1.868376	# LS tree intersects ground |
6	-4.21	3.25	4.42	2	3	24.05	134.32	0.25	10	1.01	1.993515	# LS tree differs in height | 
10	-3.43	2.06	2.00	2	2	24.56	171.54	0.64	10	1.46	1.868376	# LS tree intersects ground |
6	-4.21	3.25	4.42	2	3	24.05	134.32	0.25	10	1.01	1.993515	# LS tree differs in height | 
5	3.69	-0.98	4.36	2	2	20.00	111.40	0.10	10	0.74	1.995244	# LS tree differs in height | 
5	3.48	0.48	4.50	2	2	20.34	92.96	0.83	15	1.21	0.980977	# 
5	3.69	-0.98	4.36	2	2	20.00	111.40	0.10	10	0.74	1.995244	# LS tree differs in height | 
5	3.48	0.48	4.50	2	2	20.34	92.96	0.83	15	1.21	0.980977	# 
5	-2.80	0.31	3.67	2	2	25.71	135.02	0.10	16	1.20	0.983139	# 
5	-1.88	-3.82	3.40	2	2	20.00	131.24	0.30	10	1.60	0.987462	# 
5	-2.80	0.31	3.67	2	2	25.71	135.02	0.10	16	1.20	0.983139	# 
5	-1.88	-3.82	3.40	2	2	20.00	131.24	0.30	10	1.60	0.987462	# 
8	-1.90	0.68	3.87	2	4	21.23	148.81	0.31	17	0.38	1.984003	# LS tree differs in height | 
8	-1.58	-4.36	4.70	2	2	39.00	60.00	0.42	12	1.76	1.992308	# LS tree intersects ground |
8	-1.90	0.68	3.87	2	4	21.23	148.81	0.31	17	0.38	1.984003	# LS tree differs in height | 
8	-1.58	-4.36	4.70	2	2	39.00	60.00	0.42	12	1.76	1.992308	# LS tree intersects ground |
5	-5.00	-4.61	4.45	2	2	32.30	109.00	0.10	14	1.34	0.987030	# 
7	-5.00	0.99	4.27	3	2	33.06	141.30	0.25	10	1.76	0.945726	# 
5	-5.00	-4.61	4.45	2	2	32.30	109.00	0.10	14	1.34	0.987030	# 
7	-5.00	0.99	4.27	3	2	33.06	141.30	0.25	10	1.76	0.945726	# 
5	-2.07	4.13	4.74	2	2	38.09	130.11	0.10	12	0.10	1.999135	# LS tree differs in height | 
5	-2.17	1.44	4.59	2	2	38.28	98.36	0.13	15	1.15	1.989739	# LS tree intersects ground |
5	-2.07	4.13	4.74	2	2	38.09	130.11	0.10	12	0.10	1.999135	# LS tree differs in height | 
5	-2.17	1.44	4.59	2	2	38.28	98.36	0.13	15	1.15	1.989739	# LS tree intersects ground |
8	3.96	-3.65	3.90	2	2	32.46	128.36	0.99	16	0.85	0.956334	# 
6	3.30	-2.64	2.47	2	2	20.00	183.48	0.59	10	1.55	0.973195	# 
8	3.96	-3.65	3.90	2	2	32.46	128.36	0.99	16	0.85	0.956334	# 
6	3.30	-2.64	2.47	2	2	20.00	183.48	0.59	10	1.55	0.973195	# 
8	3.49	-0.43	2.00	2	2	26.12	148.99	0.42	14	0.10	1.996974	# LS tree differs in height | 
10	3.48	2.29	4.61	2	2	31.59	131.24	0.52	17	0.71	1.901709	# LS tree intersects ground |
8	3.49	-0.43	2.00	2	2	26.12	148.99	0.42	14	0.10	1.996974	# LS tree differs in height | 
10	3.48	2.29	4.61	2	2	31.59	131.24	0.52	17	0.71	1.901709	# LS tree intersects ground |
5	-2.31	-5.00	4.13	2	2	29.14	103.60	0.55	12	0.71	1.995677	# LS tree differs in height | 
5	-3.03	4.36	3.31	2	2	36.05	185.01	0.34	17	1.81	0.978205	# 
5	-2.31	-5.00	4.13	2	2	29.14	103.60	0.55	12	0.71	1.995677	# LS tree differs in height | 
5	-3.03	4.36	3.31	2	2	36.05	185.01	0.34	17	1.81	0.978205	# 
6	-4.26	-1.53	2.00	4	2	30.33	60.00	0.15	14	1.57	1.975631	# LS tree intersects ground |
6	-4.99	-0.63	4.86	3	4	22.19	130.27	0.13	12	0.10	1.998703	# LS tree differs in height | 
6	-4.26	-1.53	2.00	4	2	30.33	60.00	0.15	14	1.57	1.975631	# LS tree intersects ground |
6	-4.99	-0.63	4.86	3	4	22.19	130.27	0.13	12	0.10	1.998703	# LS tree differs in height | 
5	2.69	-3.15	4.32	2	2	34.38	161.58	0.39	16	1.41	0.981409	# 
5	2.69	-3.15	4.32	2	2	34.38	161.58	0.39	16	1.41	0.981409	# 
14	-4.05	-4.95	2.00	3	2	36.98	191.84	0.41	11	0.39	1.981189	# LS tree intersects ground |
14	-4.05	-4.95	2.00	3	2	36.98	191.84	0.41	11	0.39	1.981189	# LS tree intersects ground |
7	-1.14	3.28	5.50	3	2	24.68	80.36	0.24	14	1.21	0.964548	# 
7	-1.14	3.28	5.50	3	2	24.68	80.36	0.24	14	1.21	0.964548	# 
11	-0.67	-4.69	5.24	3	4	24.02	137.15	0.76	10	0.44	1.982274	# LS tree differs in height | 
11	-0.67	-4.69	5.24	3	4	24.02	137.15	0.76	10	0.44	1.982274	# LS tree differs in height | 
10	1.10	4.09	4.17	2	2	28.28	142.60	0.27	12	1.18	0.836752	# 
10	1.10	4.09	4.17	2	2	28.28	142.60	0.27	12	1.18	0.836752	# 
8	0.45	-2.56	4.78	2	2	20.00	60.00	0.22	10	1.84	0.982479	# 
8	0.69	2.99	2.31	4	2	30.74	108.55	0.39	19	1.36	2.826496	# LS tree differs in height | LS tree intersects ground |
8	0.45	-2.56	4.78	2	2	20.00	60.00	0.22	10	1.84	0.982479	# 
8	0.69	2.99	2.31	4	2	30.74	108.55	0.39	19	1.36	2.826496	# LS tree differs in height | LS tree intersects ground |
8	0.58	-1.38	3.50	3	2	27.68	128.91	0.59	10	0.55	1.988759	# LS tree differs in height | 
6	0.70	-0.16	2.20	4	2	20.93	132.95	0.23	11	0.10	1.999135	# LS tree differs in height | 
8	0.58	-1.38	3.50	3	2	27.68	128.91	0.59	10	0.55	1.988759	# LS tree differs in height | 
6	0.70	-0.16	2.20	4	2	20.93	132.95	0.23	11	0.10	1.999135	# LS tree differs in height | 
8	4.00	0.48	2.45	2	3	23.00	189.62	0.10	14	1.52	0.791026	# 
6	3.64	3.16	4.21	2	2	34.32	115.90	0.15	11	1.07	0.983571	# 
8	4.00	0.48	2.45	2	3	23.00	189.62	0.10	14	1.52	0.791026	# 
6	3.64	3.16	4.21	2	2	34.32	115.90	0.15	11	1.07	0.983571	# 
6	-2.38	-0.29	3.57	3	4	23.21	159.29	0.62	10	1.53	0.957631	# 
5	-4.51	3.12	2.00	3	2	31.14	120.80	0.16	18	0.93	0.984436	# 
6	-2.38	-0.29	3.57	3	4	23.21	159.29	0.62	10	1.53	0.957631	# 
5	-4.51	3.12	2.00	3	2	31.14	120.80	0.16	18	0.93	0.984436	# 
13	4.38	2.34	3.36	4	2	20.00	124.97	0.52	10	0.69	0.937311	# 
11	-5.00	4.15	5.74	2	2	38.83	105.80	0.24	10	0.61	1.991786	# LS tree intersects ground |
13	4.38	2.34	3.36	4	2	20.00	124.97	0.52	10	0.69	0.937311	# 
11	-5.00	4.15	5.74	2	2	38.83	105.80	0.24	10	0.61	1.991786	# LS tree intersects ground |
8	1.19	4.27	3.18	4	2	20.00	60.00	0.40	16	0.67	0.982274	# 
8	1.05	1.22	5.88	2	2	20.70	123.84	0.64	10	0.38	1.994380	# LS tree differs in height | 
8	1.19	4.27	3.18	4	2	20.00	60.00	0.40	16	0.67	0.982274	# 
8	1.05	1.22	5.88	2	2	20.70	123.84	0.64	10	0.38	1.994380	# LS tree differs in height | 
12	-4.79	-0.63	2.97	4	2	35.27	167.52	0.14	10	0.58	1.980112	# LS tree intersects ground |
12	-3.97	-0.11	4.01	2	2	31.90	116.54	0.47	13	0.50	1.972638	# LS tree intersects ground |
12	-4.79	-0.63	2.97	4	2	35.27	167.52	0.14	10	0.58	1.980112	# LS tree intersects ground |
12	-3.97	-0.11	4.01	2	2	31.90	116.54	0.47	13	0.50	1.972638	# LS tree intersects ground |
5	3.39	-2.82	5.36	2	2	20.00	108.47	0.41	10	1.30	0.996109	# 
5	2.77	-5.00	2.00	2	3	26.98	95.18	0.38	10	1.03	1.990056	# LS tree differs in height | 
5	3.39	-2.82	5.36	2	2	20.00	108.47	0.41	10	1.30	0.996109	# 
5	2.77	-5.00	2.00	2	3	26.98	95.18	0.38	10	1.03	1.990056	# LS tree differs in height | 
9	-2.32	-2.33	3.38	2	2	30.76	131.55	0.49	10	0.70	0.990921	# 
9	-2.32	-2.33	3.38	2	2	30.76	131.55	0.49	10	0.70	0.990921	# 
11	2.53	0.66	2.91	2	2	20.56	178.23	0.11	15	1.55	2.548718	# LS tree differs in height | LS tree intersects ground |
11	2.53	0.66	2.91	2	2	20.56	178.23	0.11	15	1.55	2.548718	# LS tree differs in height | LS tree intersects ground |
5	-1.43	1.48	3.40	2	2	24.91	121.84	0.83	10	1.55	0.983571	# 
5	-1.34	-5.00	2.73	2	3	20.00	183.32	0.24	15	0.28	1.996541	# LS tree differs in height | 
5	-1.43	1.48	3.40	2	2	24.91	121.84	0.83	10	1.55	0.983571	# 
5	-1.34	-5.00	2.73	2	3	20.00	183.32	0.24	15	0.28	1.996541	# LS tree differs in height | 
5	-1.15	-4.27	2.00	3	4	24.48	123.66	0.68	14	1.25	0.973195	# 
5	-1.18	-2.55	4.15	3	2	39.72	101.13	0.26	17	1.15	1.988327	# LS tree intersects ground |
5	-1.15	-4.27	2.00	3	4	24.48	123.66	0.68	14	1.25	0.973195	# 
5	-1.18	-2.55	4.15	3	2	39.72	101.13	0.26	17	1.15	1.988327	# LS tree intersects ground |
9	-2.48	4.30	4.04	2	2	25.55	115.98	0.29	13	1.10	0.896109	# 
7	-3.51	3.86	2.00	3	2	29.99	182.60	0.46	14	0.10	1.997838	# LS tree differs in height | 
9	-2.48	4.30	4.04	2	2	25.55	115.98	0.29	13	1.10	0.896109	# 
7	-3.51	3.86	2.00	3	2	29.99	182.60	0.46	14	0.10	1.997838	# LS tree differs in height | 
6	-2.01	2.25	5.39	4	2	26.99	121.93	0.53	10	0.79	1.992218	# LS tree differs in height | 
6	-2.01	2.25	5.39	4	2	26.99	121.93	0.53	10	0.79	1.992218	# LS tree differs in height | 
6	-5.00	2.10	5.52	2	2	20.00	148.43	0.10	11	0.83	1.989624	# LS tree differs in height | 
6	-5.00	2.10	5.52	2	2	20.00	148.43	0.10	11	0.83	1.989624	# LS tree differs in height | 
6	2.43	-1.00	2.00	3	2	25.30	148.70	0.10	13	1.55	0.960225	# 
5	2.82	-5.00	2.61	2	2	29.46	74.07	0.30	10	0.42	1.995244	# LS tree differs in height | 
6	2.43	-1.00	2.00	3	2	25.30	148.70	0.10	13	1.55	0.960225	# 
5	2.82	-5.00	2.61	2	2	29.46	74.07	0.30	10	0.42	1.995244	# LS tree differs in height | 
5	-4.87	-0.49	5.19	2	3	20.00	137.68	0.19	10	0.76	1.995677	# LS tree differs in height | 
7	-3.34	3.41	2.03	2	2	38.80	117.44	0.54	11	0.83	1.986746	# LS tree intersects ground |
5	-4.87	-0.49	5.19	2	3	20.00	137.68	0.19	10	0.76	1.995677	# LS tree differs in height | 
7	-3.34	3.41	2.03	2	2	38.80	117.44	0.54	11	0.83	1.986746	# LS tree intersects ground |
7	1.20	2.54	5.02	4	2	30.53	60.00	0.30	11	1.96	1.979915	# LS tree intersects ground |
7	1.52	4.24	4.35	2	2	27.70	189.46	0.38	12	0.45	1.991786	# LS tree differs in height | 
7	1.20	2.54	5.02	4	2	30.53	60.00	0.30	11	1.96	1.979915	# LS tree intersects ground |
7	1.52	4.24	4.35	2	2	27.70	189.46	0.38	12	0.45	1.991786	# LS tree differs in height | 
8	1.79	-2.02	4.72	2	3	27.80	60.00	0.40	15	1.94	2.733761	# LS tree differs in height | LS tree intersects ground |
12	1.88	4.72	3.23	2	2	24.89	60.00	0.43	17	0.10	1.995244	# LS tree differs in height | 
8	1.79	-2.02	4.72	2	3	27.80	60.00	0.40	15	1.94	2.733761	# LS tree differs in height | LS tree intersects ground |
12	1.88	4.72	3.23	2	2	24.89	60.00	0.43	17	0.10	1.995244	# LS tree differs in height | 
6	2.02	0.91	3.27	2	2	23.84	134.45	0.73	11	0.10	1.999135	# LS tree differs in height | 
6	1.71	3.42	3.11	2	2	35.77	129.47	0.40	13	1.18	0.980977	# 
6	2.02	0.91	3.27	2	2	23.84	134.45	0.73	11	0.10	1.999135	# LS tree differs in height | 
6	1.71	3.42	3.11	2	2	35.77	129.47	0.40	13	1.18	0.980977	# 
10	-3.56	0.67	2.21	2	2	20.25	92.72	0.62	12	1.51	1.763675	# LS tree intersects ground |
6	-4.35	3.02	2.11	2	2	28.93	147.59	0.29	10	0.18	1.998271	# LS tree differs in height | 
10	-3.56	0.67	2.21	2	2	20.25	92.72	0.62	12	1.51	1.763675	# LS tree intersects ground |
6	-4.35	3.02	2.11	2	2	28.93	147.59	0.29	10	0.18	1.998271	# LS tree differs in height | 
13	-2.62	1.47	4.20	2	2	26.03	137.53	0.25	13	0.79	0.994015	# 
13	-2.62	1.47	4.20	2	2	26.03	137.53	0.25	13	0.79	0.994015	# 
7	-3.31	-3.62	2.97	2	2	22.67	122.79	0.25	15	1.12	0.952875	# 
7	-3.31	-3.62	2.97	2	2	22.67	122.79	0.25	15	1.12	0.952875	# 
7	-3.81	2.13	2.60	2	2	20.00	181.65	0.52	15	0.70	0.977951	# 
7	-3.81	2.13	2.60	2	2	20.00	181.65	0.52	15	0.70	0.977951	# 
10	2.87	1.31	5.29	2	4	20.00	165.30	0.31	11	1.16	0.993159	# 
10	2.87	1.31	5.29	2	4	20.00	165.30	0.31	11	1.16	0.993159	# 
12	-4.30	2.34	3.00	3	2	20.00	112.29	0.71	10	0.33	1.986597	# LS tree differs in height | 
12	-4.30	2.34	3.00	3	2	20.00	112.29	0.71	10	0.33	1.986597	# LS tree differs in height | 
5	2.29	-2.45	3.44	2	4	20.98	80.24	0.12	15	0.10	1.998703	# LS tree differs in height | 
5	2.08	-2.80	4.57	2	2	32.34	60.00	0.39	12	1.46	0.992650	# 
5	2.29	-2.45	3.44	2	4	20.98	80.24	0.12	15	0.10	1.998703	# LS tree differs in height | 
5	2.08	-2.80	4.57	2	2	32.34	60.00	0.39	12	1.46	0.992650	# 
6	3.42	-0.81	5.30	2	2	25.31	119.10	0.10	11	1.30	0.994380	# 
6	3.42	-0.81	5.30	2	2	25.31	119.10	0.10	11	1.30	0.994380	# 
12	-2.49	-0.59	4.05	2	2	25.66	103.12	0.81	10	0.98	1.941428	# LS tree intersects ground |
12	-1.60	0.63	2.21	2	2	21.87	115.92	0.27	14	0.27	1.986165	# LS tree differs in height | 
12	-2.49	-0.59	4.05	2	2	25.66	103.12	0.81	10	0.98	1.941428	# LS tree intersects ground |
12	-1.60	0.63	2.21	2	2	21.87	115.92	0.27	14	0.27	1.986165	# LS tree differs in height | 
7	0.63	2.01	2.00	2	2	20.11	181.20	0.10	12	1.16	0.969736	# 
7	0.78	-0.52	3.27	2	2	20.00	145.78	0.93	12	1.53	0.937153	# 
7	0.63	2.01	2.00	2	2	20.11	181.20	0.10	12	1.16	0.969736	# 
7	0.78	-0.52	3.27	2	2	20.00	145.78	0.93	12	1.53	0.937153	# 
7	0.62	-0.43	2.92	2	4	20.00	113.22	0.58	12	1.95	0.787944	# 
7	0.62	-0.43	2.92	2	4	20.00	113.22	0.58	12	1.95	0.787944	# 
7	0.81	-3.83	4.28	2	2	27.93	174.40	0.10	12	0.96	0.975357	# 
7	0.78	-0.49	2.61	2	2	26.25	109.23	0.64	10	1.63	0.964981	# 
7	0.81	-3.83	4.28	2	2	27.93	174.40	0.10	12	0.96	0.975357	# 
7	0.78	-0.49	2.61	2	2	26.25	109.23	0.64	10	1.63	0.964981	# 
8	-2.11	-4.06	4.43	2	2	22.19	152.51	0.13	13	0.91	0.955037	# 
6	-2.19	-0.28	3.81	2	2	21.29	161.88	0.63	12	1.53	0.967575	# 
8	-2.11	-4.06	4.43	2	2	22.19	152.51	0.13	13	0.91	0.955037	# 
6	-2.19	-0.28	3.81	2	2	21.29	161.88	0.63	12	1.53	0.967575	# 
5	-2.26	3.45	5.19	4	2	21.86	178.70	0.17	10	0.46	1.996109	# LS tree differs in height | 
6	-2.28	-0.31	4.09	3	4	23.62	179.43	0.69	10	0.10	1.999135	# LS tree differs in height | 
5	-2.26	3.45	5.19	4	2	21.86	178.70	0.17	10	0.46	1.996109	# LS tree differs in height | 
6	-2.28	-0.31	4.09	3	4	23.62	179.43	0.69	10	0.10	1.999135	# LS tree differs in height | 
6	-2.72	-5.00	3.58	3	3	22.76	161.88	0.22	12	1.00	0.977518	# 
6	-2.39	-0.26	3.87	2	4	21.80	60.00	0.78	10	1.56	0.960225	# 
6	-2.72	-5.00	3.58	3	3	22.76	161.88	0.22	12	1.00	0.977518	# 
6	-2.39	-0.26	3.87	2	4	21.80	60.00	0.78	10	1.56	0.960225	# 
6	-2.60	-3.45	3.83	3	4	20.00	162.20	0.49	10	1.77	0.926070	# 
6	-2.37	-0.23	3.28	2	2	30.75	137.76	0.51	12	0.10	1.998703	# LS tree differs in height | 
6	-2.60	-3.45	3.83	3	4	20.00	162.20	0.49	10	1.77	0.926070	# 
6	-2.37	-0.23	3.28	2	2	30.75	137.76	0.51	12	0.10	1.998703	# LS tree differs in height | 
5	3.12	-4.13	2.66	2	2	20.00	131.85	0.31	13	1.69	0.977086	# 
5	3.07	1.99	2.00	2	3	20.00	147.07	0.19	18	1.46	0.965370	# 
5	3.12	-4.13	2.66	2	2	20.00	131.85	0.31	13	1.69	0.977086	# 
5	3.07	1.99	2.00	2	3	20.00	147.07	0.19	18	1.46	0.965370	# 
6	-2.10	0.88	2.00	2	4	29.91	125.93	0.79	16	0.91	1.975631	# LS tree intersects ground |
6	-2.66	1.98	2.00	2	2	22.18	102.69	0.26	17	1.05	0.981409	# 
6	-2.10	0.88	2.00	2	4	29.91	125.93	0.79	16	0.91	1.975631	# LS tree intersects ground |
6	-2.66	1.98	2.00	2	2	22.18	102.69	0.26	17	1.05	0.981409	# 
8	4.20	-2.49	2.87	2	2	20.00	116.28	0.25	12	1.55	0.890552	# 
8	4.20	-2.49	2.87	2	2	20.00	116.28	0.25	12	1.55	0.890552	# 
8	-5.00	-3.98	4.09	2	2	25.98	136.59	0.13	12	1.38	0.936752	# 
10	4.20	-4.36	3.90	2	2	31.79	97.72	1.00	11	0.57	1.986165	# LS tree intersects ground |
8	-5.00	-3.98	4.09	2	2	25.98	136.59	0.13	12	1.38	0.936752	# 
10	4.20	-4.36	3.90	2	2	31.79	97.72	1.00	11	0.57	1.986165	# LS tree intersects ground |
11	-0.58	3.02	5.19	2	2	23.30	60.00	0.55	11	0.73	0.990056	# 
9	-0.65	-2.84	5.59	2	2	23.41	118.89	0.48	11	0.91	0.972330	# 
11	-0.58	3.02	5.19	2	2	23.30	60.00	0.55	11	0.73	0.990056	# 
9	-0.65	-2.84	5.59	2	2	23.41	118.89	0.48	11	0.91	0.972330	# 
8	-5.00	-1.07	3.56	2	2	22.91	145.72	0.63	10	1.55	0.910218	# 
6	-5.00	-3.67	4.94	2	2	32.06	155.46	0.66	14	1.65	0.963248	# 
8	-5.00	-1.07	3.56	2	2	22.91	145.72	0.63	10	1.55	0.910218	# 
6	-5.00	-3.67	4.94	2	2	32.06	155.46	0.66	14	1.65	0.963248	# 
6	-4.03	2.19	4.18	4	2	27.24	135.45	0.26	11	0.82	1.989192	# LS tree differs in height | 
6	-4.78	-1.35	4.76	2	2	28.01	192.87	0.18	18	1.48	0.952564	# 
6	-4.03	2.19	4.18	4	2	27.24	135.45	0.26	11	0.82	1.989192	# LS tree differs in height | 
6	-4.78	-1.35	4.76	2	2	28.01	192.87	0.18	18	1.48	0.952564	# 
12	-2.86	-3.50	4.03	2	2	32.80	156.23	0.49	11	0.78	0.958495	# 
12	-2.86	-3.50	4.03	2	2	32.80	156.23	0.49	11	0.78	0.958495	# 
5	-3.15	-3.34	4.54	2	3	24.46	149.96	0.12	12	0.78	1.993947	# LS tree differs in height | 
5	-3.97	-0.39	2.00	2	3	26.96	60.00	0.34	10	1.90	0.985300	# 
5	-3.15	-3.34	4.54	2	3	24.46	149.96	0.12	12	0.78	1.993947	# LS tree differs in height | 
5	-3.97	-0.39	2.00	2	3	26.96	60.00	0.34	10	1.90	0.985300	# 
6	3.54	2.40	3.25	2	4	22.73	140.17	0.53	10	0.94	1.980977	# LS tree differs in height | 
6	3.25	-4.57	4.62	2	2	34.27	60.00	0.96	10	1.00	1.995244	# LS tree differs in height | 
6	3.54	2.40	3.25	2	4	22.73	140.17	0.53	10	0.94	1.980977	# LS tree differs in height | 
6	3.25	-4.57	4.62	2	2	34.27	60.00	0.96	10	1.00	1.995244	# LS tree differs in height | 
7	-3.81	2.13	2.60	2	2	20.00	181.65	0.52	15	0.70	0.977951	# 
9	-3.40	4.28	4.81	4	2	37.14	141.75	0.10	10	0.10	1.998703	# LS tree differs in height | 
7	-3.81	2.13	2.60	2	2	20.00	181.65	0.52	15	0.70	0.977951	# 
9	-3.40	4.28	4.81	4	2	37.14	141.75	0.10	10	0.10	1.998703	# LS tree differs in height | 
5	-2.54	-0.44	2.42	2	2	20.44	76.67	0.56	17	1.48	0.983754	# 
7	-2.31	-3.08	5.24	2	4	36.42	94.53	0.68	14	0.82	0.981409	# 
5	-2.54	-0.44	2.42	2	2	20.44	76.67	0.56	17	1.48	0.983754	# 
7	-2.31	-3.08	5.24	2	4	36.42	94.53	0.68	14	0.82	0.981409	# 
13	3.10	0.65	3.93	2	2	27.06	139.60	0.28	10	0.36	1.987030	# LS tree differs in height | 
13	3.10	0.65	3.93	2	2	27.06	139.60	0.28	10	0.36	1.987030	# LS tree differs in height | 
7	-5.00	0.94	2.00	2	4	27.21	147.75	0.75	16	1.89	2.665812	# LS tree differs in height | LS tree intersects ground |
7	-3.87	0.85	3.59	3	4	37.58	174.11	0.23	11	1.71	1.881197	# LS tree intersects ground |
7	-5.00	0.94	2.00	2	4	27.21	147.75	0.75	16	1.89	2.665812	# LS tree differs in height | LS tree intersects ground |
7	-3.87	0.85	3.59	3	4	37.58	174.11	0.23	11	1.71	1.881197	# LS tree intersects ground |
7	-5.00	2.27	2.00	2	2	23.93	142.03	0.62	11	1.43	0.959360	# 
5	-5.00	1.28	3.71	2	4	37.73	134.25	0.28	10	1.84	1.976058	# LS tree intersects ground |
7	-5.00	2.27	2.00	2	2	23.93	142.03	0.62	11	1.43	0.959360	# 
5	-5.00	1.28	3.71	2	4	37.73	134.25	0.28	10	1.84	1.976058	# LS tree intersects ground |
6	-0.39	-5.00	3.27	2	2	24.01	113.44	0.23	10	0.89	1.988759	# LS tree differs in height | 
6	-0.57	0.40	2.81	2	3	27.40	99.38	0.88	14	0.99	0.977951	# 
6	-0.39	-5.00	3.27	2	2	24.01	113.44	0.23	10	0.89	1.988759	# LS tree differs in height | 
6	-0.57	0.40	2.81	2	3	27.40	99.38	0.88	14	0.99	0.977951	# 
11	-1.95	-0.90	4.97	2	2	20.00	125.40	0.11	10	1.08	0.940770	# 
11	-1.95	-0.90	4.97	2	2	20.00	125.40	0.11	10	1.08	0.940770	# 
11	-3.45	-2.07	2.00	2	2	20.00	127.35	0.32	12	1.03	0.840530	# 
9	-4.01	-1.41	4.88	2	2	30.59	137.84	0.39	14	1.22	1.876068	# LS tree intersects ground |
11	-3.45	-2.07	2.00	2	2	20.00	127.35	0.32	12	1.03	0.840530	# 
9	-4.01	-1.41	4.88	2	2	30.59	137.84	0.39	14	1.22	1.876068	# LS tree intersects ground |
8	-2.99	0.50	4.85	4	2	20.00	60.00	0.10	18	1.26	1.956838	# LS tree intersects ground |
8	-3.12	-1.68	2.00	2	3	26.91	135.85	0.31	10	1.15	1.965845	# LS tree intersects ground |
8	-2.99	0.50	4.85	4	2	20.00	60.00	0.10	18	1.26	1.956838	# LS tree intersects ground |
8	-3.12	-1.68	2.00	2	3	26.91	135.85	0.31	10	1.15	1.965845	# LS tree intersects ground |
8	-1.30	1.30	5.38	2	4	21.63	127.25	0.14	15	0.79	0.995677	# 
6	-1.03	-5.00	3.52	3	2	29.92	112.68	0.74	13	0.59	1.992218	# LS tree differs in height | 
8	-1.30	1.30	5.38	2	4	21.63	127.25	0.14	15	0.79	0.995677	# 
6	-1.03	-5.00	3.52	3	2	29.92	112.68	0.74	13	0.59	1.992218	# LS tree differs in height | 
12	-3.60	-0.43	3.08	2	2	22.09	83.95	0.55	10	1.51	1.638735	# LS tree intersects ground |
12	-3.60	-0.43	3.08	2	2	22.09	83.95	0.55	10	1.51	1.638735	# LS tree intersects ground |
11	-4.15	-0.56	2.74	2	2	20.00	135.67	0.49	10	0.10	1.998703	# LS tree differs in height | 
